[[ 3.17581682e+00  1.21431690e+01  1.92131048e+01  1.76466303e+01
   2.54317240e+01  3.25137312e+01  3.85020553e+01  4.01556226e+01
   3.98245884e+01  3.95307950e+01  3.72724885e+01  3.98498713e+01
   4.77554682e+01  5.56717637e+01  6.12806918e+01  6.72493272e+01
   6.96728328e+01  6.82350385e+01  6.50960329e+01  5.82430864e+01
   5.12779436e+01  4.33717041e+01]
 [-6.88446224e+00  2.17995601e+00  1.19234103e+00  1.08971902e+00
   8.05683674e+00  1.47339183e+01  2.09413078e+01  2.30405599e+01
   2.32829622e+01  2.26178932e+01  2.37898600e+01  2.64110682e+01
   3.26831112e+01  4.55827486e+01  5.18528622e+01  5.92108169e+01
   6.07117487e+01  6.09828437e+01  5.74935995e+01  5.53872604e+01
   5.20178516e+01  4.69638537e+01]
 [-1.55851384e+01 -1.33652089e+01 -1.38308377e+01 -1.53507615e+01
  -8.65797820e+00 -1.23938649e+00  4.44608185e+00  7.30028090e+00
   3.80988942e+00  5.12651597e+00  5.93161021e+00  6.83112010e+00
   1.22587672e+01  2.46234158e+01  3.21581645e+01  3.70772103e+01
   4.08022657e+01  4.40705342e+01  4.28248327e+01  4.61840200e+01
   4.85214543e+01  4.70266673e+01]
 [-2.36825287e+01 -2.24056449e+01 -2.57189274e+01 -2.68916791e+01
  -1.81579902e+01 -1.11654570e+01 -6.19470875e+00 -4.71741269e+00
  -9.85590654e+00 -1.01448326e+01 -1.11109314e+01 -1.26114805e+01
  -8.56214211e+00  2.48499448e+00  7.93998043e+00  1.13758081e+01
   1.42037253e+01  1.30330983e+01  2.14767175e+01  3.32748752e+01
   4.39104708e+01  4.87822664e+01]
 [-2.89107701e+01 -2.89714630e+01 -3.08231385e+01 -2.70305625e+01
  -1.96202281e+01 -1.19218932e+01 -7.51193644e+00 -5.76441014e+00
  -1.25679061e+01 -1.80171576e+01 -2.32086652e+01 -2.44273875e+01
  -2.17199173e+01 -1.26374535e+01 -8.29750628e+00 -1.19623142e+01
  -8.87583207e+00 -1.37065060e+01 -7.11576343e-02  1.87178516e+01
   4.28922614e+01  5.48391681e+01]
 [-3.11110786e+01 -2.92040501e+01 -3.14294340e+01 -2.31002101e+01
  -1.46106179e+01 -6.08624884e+00 -2.82370795e+00 -5.10485967e+00
  -1.27411005e+01 -1.74292206e+01 -2.28520099e+01 -2.67641494e+01
  -2.39050375e+01 -1.88157042e+01 -1.90782978e+01 -2.42370748e+01
  -2.80781220e+01 -3.18880099e+01 -1.54817227e+01  1.98367399e+01
   4.45409053e+01  6.12519147e+01]
 [-2.97397792e+01 -2.81629242e+01 -2.63648737e+01 -1.72747002e+01
  -8.60650420e+00 -2.13256747e+00  3.18140356e-01 -2.39290840e+00
  -1.08327178e+01 -1.26887613e+01 -1.58227413e+01 -1.83853948e+01
  -1.73608689e+01 -1.48876275e+01 -1.55867459e+01 -2.01690740e+01
  -4.42267632e+01 -3.93058233e+01 -1.44718723e+01  1.59079050e+01
   4.92037406e+01  7.32853753e+01]
 [-2.36046010e+01 -2.84146057e+01 -2.21991211e+01 -1.38559650e+01
  -6.13363279e+00 -2.40825141e+00  5.61166726e-01 -2.48089993e+00
  -7.74957281e+00 -1.09955269e+01 -1.19235043e+01 -8.29518518e+00
  -7.84900643e+00 -1.42804011e+01 -1.52154500e+01 -2.42758676e+01
  -3.93732637e+01 -3.92520877e+01 -2.01510306e+01  1.16410627e+01
   4.50567538e+01  7.82572742e+01]
 [-1.77737571e+01 -1.96286936e+01 -1.91471163e+01 -1.43831722e+01
  -1.01961672e+01 -4.37474608e+00 -2.33504793e+00 -5.84498432e+00
  -8.00991306e+00 -9.92505006e+00 -1.10691537e+01 -7.39564043e+00
  -8.15960619e+00 -1.17644446e+01 -1.64268824e+01 -2.62385999e+01
  -4.25517497e+01 -4.00666043e+01 -2.37032677e+01  4.92488954e+00
   3.48836325e+01  7.54163814e+01]
 [-1.33538540e+01 -8.46547796e+00 -1.59522871e+01 -1.34267693e+01
  -1.17869686e+01 -9.16461472e+00 -4.93343149e+00 -6.69875189e+00
  -7.84168883e+00 -8.87356372e+00 -1.08061904e+01 -1.28588994e+01
  -1.62180378e+01 -1.92978438e+01 -2.67838926e+01 -3.60909909e+01
  -5.18122985e+01 -4.95472546e+01 -3.29213124e+01 -7.51131077e+00
   2.20072330e+01  6.93550516e+01]
 [-1.58125271e+01 -8.72539501e+00 -5.62855799e+00 -4.58649623e+00
  -9.37394373e+00 -8.54060465e+00 -6.48667933e+00 -5.87686755e+00
  -6.27717821e+00 -6.55867669e+00 -8.87727680e+00 -1.27406746e+01
  -1.94530535e+01 -2.62750382e+01 -3.21788325e+01 -4.64523534e+01
  -6.38973654e+01 -6.41195662e+01 -4.86738024e+01 -2.43262946e+01
   6.92308904e+00  5.91242916e+01]
 [-2.47199364e+01 -1.39016194e+01 -7.67093392e+00 -2.40412740e+00
  -6.66517361e+00 -9.10892015e+00 -6.81604077e+00 -6.30152698e+00
  -4.15189344e+00 -3.06148617e+00 -3.74349831e+00 -8.23824777e+00
  -1.56547264e+01 -2.21366593e+01 -3.14242490e+01 -4.80531400e+01
  -7.12450132e+01 -7.75088018e+01 -7.08727362e+01 -4.27788790e+01
  -1.17348571e+01  3.19709306e+01]
 [-4.05899127e+01 -3.36940002e+01 -1.67387082e+01 -5.96067962e+00
  -4.91280388e+00 -5.55164787e+00 -7.22704340e+00 -2.11230392e+00
   1.96565762e-01  2.02724285e+00  2.90388207e+00 -2.57856106e+00
  -9.41559051e+00 -1.12594184e+01 -1.73945632e+01 -4.15548162e+01
  -6.56317484e+01 -8.11019477e+01 -7.62659254e+01 -5.31672292e+01
  -2.71924553e+01 -3.17170872e+00]
 [-6.49415435e+01 -4.05840248e+01 -2.01447860e+01 -1.60545302e+01
  -6.44465512e+00 -4.94734542e+00 -6.34599230e+00 -3.17493055e+00
   2.51334145e+00  5.63185877e+00  1.16514730e+00 -2.48159432e+00
  -2.94987851e+00  6.93382535e-01 -2.91694321e+00 -2.93668298e+01
  -5.86893686e+01 -7.58035642e+01 -7.12821970e+01 -4.76396032e+01
  -2.13841270e+01  2.22163460e+00]
 [-7.97310530e+01 -5.20051288e+01 -2.72456662e+01 -1.99077033e+01
  -1.14833332e+01 -6.37583007e+00 -1.04090355e+01 -8.41702064e+00
  -3.81521567e+00  2.42843570e+00  2.26545967e+00  3.80480874e-01
   7.38440328e+00  1.24329680e+01  9.89995402e+00 -1.43219199e+01
  -4.51418735e+01 -5.74190018e+01 -5.31548779e+01 -2.84333609e+01
  -7.12105508e+00  1.61479858e+01]
 [-8.55348916e+01 -5.57443022e+01 -2.69862848e+01 -2.14659105e+01
  -1.45330350e+01 -1.19079033e+01 -1.95284110e+01 -2.08755815e+01
  -1.25334309e+01 -5.72481557e+00  7.94563194e-01  8.62046723e+00
   1.23979545e+01  1.74818506e+01  1.06960306e+01 -6.68522495e+00
  -2.55030802e+01 -3.41010144e+01 -1.90254969e+01 -2.54411278e+00
   1.60088852e+01  3.61516837e+01]
 [-7.13875130e+01 -3.97942136e+01 -1.67817207e+01 -9.92952002e+00
  -1.27248039e+01 -1.98395489e+01 -2.74755298e+01 -3.02561373e+01
  -2.27142509e+01 -9.76960582e+00 -2.93890236e+00  8.71676796e+00
   9.64516499e+00  1.72095106e+01  1.56944904e+01  7.96167687e-01
  -7.69145252e+00 -6.95211737e+00  2.66584178e+00  1.86037226e+01
   3.54802755e+01  5.31940277e+01]
 [-5.10992839e+01 -2.09369120e+01 -3.87683550e+00 -3.36194674e+00
  -1.13821674e+01 -2.58007380e+01 -3.23109972e+01 -3.32861017e+01
  -2.74302902e+01 -1.13183221e+01 -3.38674675e+00  6.88430503e+00
   9.61245368e+00  1.38089330e+01  1.60207464e+01  1.31169581e+01
   1.42993810e+01  1.31097852e+01  1.95575774e+01  3.17828929e+01
   4.72256357e+01  6.21811651e+01]
 [-3.38474516e+01 -4.13616311e+00  4.67218970e+00 -3.80357510e+00
  -2.33165625e+01 -3.09517424e+01 -3.17539004e+01 -3.09243229e+01
  -2.35435102e+01 -1.25907790e+01 -8.37405819e-01  1.07813495e+01
   6.61967193e+00  8.65589986e+00  1.43152487e+01  2.28542727e+01
   2.75222072e+01  3.01274450e+01  2.92900370e+01  3.68783208e+01
   5.12130640e+01  6.45061133e+01]
 [-2.79229841e+01 -9.79767022e-02  6.24831919e+00 -1.90844743e+01
  -2.71333472e+01 -2.93759640e+01 -3.03007492e+01 -2.56782637e+01
  -1.54291287e+01 -4.07915022e+00  5.70358061e+00  1.17716429e+01
   8.33093717e+00  9.58036709e+00  1.71733121e+01  2.41211784e+01
   2.99759886e+01  3.57396827e+01  3.37283306e+01  3.77182812e+01
   4.43045958e+01  5.69670293e+01]
 [-3.59281969e+01 -5.54900114e+00 -2.87116792e+01 -2.54969322e+01
  -2.70298483e+01 -2.57125449e+01 -2.09978406e+01 -1.63398286e+01
  -7.48170278e+00  2.34363745e+00  1.03677692e+01  1.15917752e+01
   1.16572598e+01  8.84173932e+00  1.46847796e+01  2.45693946e+01
   3.00388375e+01  3.37365771e+01  3.28537605e+01  2.99253013e+01
   3.63370396e+01  4.53086867e+01]
 [-5.92462256e+01 -2.72054999e+01 -3.84951931e+01 -2.79568134e+01
  -1.87993702e+01 -1.51741393e+01 -8.32882354e+00 -3.39329525e+00
   1.40046574e+00  5.18498971e+00  1.06846012e+01  1.10369213e+01
   1.30840371e+01  8.41941741e+00  1.20047563e+01  2.10645185e+01
   2.76709563e+01  3.22730239e+01  3.20263339e+01  2.94324824e+01
   2.76745902e+01  2.93827227e+01]
 [-7.23392041e+01 -4.67767546e+01 -3.31894868e+01 -2.51549336e+01
  -1.13062115e+01 -2.07588248e+00  5.49575530e+00  8.46785771e+00
   8.51220019e+00  9.24270861e+00  1.18167863e+01  9.68093783e+00
   1.03733898e+01  1.01274150e+01  1.11469491e+01  1.67137080e+01
   2.18834373e+01  2.83203618e+01  3.16847351e+01  2.91206964e+01
   1.90332274e+01  2.01147370e+01]
 [-7.67827921e+01 -4.36122881e+01 -2.75490879e+01 -1.24205777e+01
  -4.40140860e-01  5.81218288e+00  1.45044197e+01  1.65532717e+01
   1.40653194e+01  1.21983855e+01  1.37102327e+01  1.16878471e+01
   9.42528227e+00  7.89394780e+00  8.66451977e+00  1.08215780e+01
   1.60339007e+01  2.04959908e+01  2.41165907e+01  1.48824815e+01
   9.88776825e+00  3.57479605e+00]
 [-6.83836809e+01 -3.27049172e+01 -1.59993558e+01 -4.13325537e+00
   5.40810262e+00  9.87705708e+00  1.50918006e+01  1.69642543e+01
   1.55122526e+01  1.56093527e+01  1.49151325e+01  1.40026567e+01
   1.18815663e+01  7.49541795e+00  5.65698638e+00  5.87138441e+00
   9.33119462e+00  1.42640446e+01  1.54437111e+01  8.86860210e+00
   4.17279892e+00  1.92139708e+00]
 [-4.43109676e+01 -2.22928191e+01 -7.41653377e+00  1.89135522e+00
   3.48241431e+00  7.48869239e+00  9.80596030e+00  1.37516330e+01
   1.27737128e+01  1.69783557e+01  1.74341607e+01  1.71606414e+01
   1.33700152e+01  6.32041760e+00  2.35047800e+00  3.81667047e+00
   6.69532183e+00  8.72331398e+00  1.07215271e+01  7.94040439e+00
   3.61385924e+00 -1.51905018e+00]
 [-2.59067728e+01 -6.70997035e+00  6.10304253e+00  1.23361977e+01
   2.58186856e+00  5.83911374e+00  6.54282140e+00  9.74648235e+00
   9.65636071e+00  1.50705338e+01  1.79392186e+01  1.71268449e+01
   1.10399956e+01  7.59550866e+00  2.29531320e+00  5.05254671e+00
   6.83540135e+00  8.24137942e+00  8.07298192e+00  5.51650011e+00
   1.30712975e+00 -2.81082583e+00]
 [-6.26289111e+00  7.88617222e+00  1.92830345e+01  2.12593418e+01
  -4.62127626e+00 -8.00691782e+00 -1.26562101e+01 -1.27071235e+01
  -4.62575290e+00 -7.33100488e-01  5.89719281e+00  1.65770397e+01
   1.75846580e+01  7.75713087e+00  5.83513099e+00  6.59497392e+00
   9.80089732e+00  1.06353080e+01  9.67752288e+00  6.98147350e+00
   2.90263339e+00 -1.25246144e+00]]