[[ 1.00837861e+01  9.83599566e+00  2.38250224e+01  3.09091458e+01
   2.83556142e+01  4.06633435e+01  4.12520058e+01  3.76074313e+01
   3.28640672e+01  2.58862503e+01  1.78293173e+01  1.92346689e+01
   2.89618365e+01  3.59792435e+01  5.00705194e+01  5.46958910e+01
   6.53865736e+01  5.16256023e+01  4.49206107e+01  3.63098051e+01
   2.77258332e+01  2.41703568e+01]
 [-6.85927789e+00 -7.76369752e+00 -1.30087854e+01  3.77392436e+00
   1.63259538e+01  1.06614645e+01  1.83761816e+01  3.55131478e+01
   3.07449421e+01  2.17748010e+01  1.80820070e+01  1.96549853e+01
   2.99954489e+01  3.75125854e+01  5.25857446e+01  5.30153600e+01
   5.84808744e+01  5.47397664e+01  4.77554018e+01  3.30589474e+01
   3.11507857e+01  2.71067924e+01]
 [-2.89207012e+01 -2.97634418e+01 -2.14373874e+01 -2.38654874e+01
  -1.79099689e+01 -4.42183466e+00  5.53889458e+00  1.52231592e+01
   2.64380497e+01  2.05112481e+01  1.69170273e+01  1.85227241e+01
   2.86780657e+01  2.80564099e+01  2.93550734e+01  3.86414521e+01
   4.49609814e+01  5.36869444e+01  3.34152853e+01  3.40240635e+01
   3.19907133e+01  2.77747156e+01]
 [-2.88449747e+01 -2.97751620e+01 -2.92987776e+01 -2.48659420e+01
  -1.89171193e+01 -5.17897656e+00 -4.72345637e+00 -1.62104330e+01
  -2.09309927e+00 -4.11618489e+00 -7.06692400e+00 -8.10988195e+00
   9.84450862e-01 -9.25445415e+00  4.04811183e+00  2.09733387e+01
   2.77226717e+01 -1.87948364e+00  3.14497035e+01  3.19385509e+01
   2.99471762e+01  2.59254233e+01]
 [-2.93843860e+01 -2.88496684e+01 -3.03279650e+01 -2.94681608e+01
  -1.41803814e+01 -1.71341055e+00 -1.26405956e+00 -8.83527513e+00
  -1.58721924e+01 -2.30196718e+01 -2.58302552e+01 -2.74563343e+01
  -2.75567207e+01 -2.82710615e+01 -7.74741432e+00 -2.80316556e+00
  -1.98558858e+01 -2.18185081e+01 -2.95285582e+00  2.72449865e+01
   2.54542416e+01  2.19520705e+01]
 [-2.88524511e+01 -2.80961631e+01 -2.94524206e+01 -2.85369393e+01
  -9.90958628e+00  1.73826216e+00  2.15385871e+00 -7.13164293e+00
  -1.85216148e+01 -1.95372931e+01 -1.90371839e+01 -2.72262944e+01
  -2.84578615e+01 -2.92724124e+01 -2.54831841e+01 -1.42913776e+01
  -3.63861744e+01 -3.86377148e+01 -1.29718508e+01  6.13165061e+00
   1.95289927e+01  2.76422070e+01]
 [-3.80071129e+01 -2.56802007e+01 -2.68434491e+01 -1.90687957e+01
  -1.10743792e+01 -2.80774325e+00  1.95962492e+00 -7.65807414e-01
  -1.35615128e+01 -1.42579514e+01 -1.38460372e+01 -1.94393785e+01
  -1.59826330e+01 -1.45744568e+01 -1.45420318e+01 -1.34016621e+01
  -3.86913490e+01 -4.11333135e+01 -4.04103749e+01  2.92554847e+01
   2.93269394e+01  2.71591605e+01]
 [-2.98010286e+01 -2.97244919e+01 -2.48265234e+01 -1.88050706e+01
  -1.13291394e+01 -7.14925738e-01 -1.33188608e+00 -4.07578758e+00
  -9.17417559e+00 -9.03520431e+00 -8.19944945e+00 -7.25957232e+00
  -4.51359003e+00 -3.60805220e+00 -7.52100105e+00 -1.00260228e+01
  -3.36080221e+01 -4.06205788e+01 -1.78424486e+01  3.15093542e+01
   3.15862545e+01  2.92514175e+01]
 [-3.01896216e+01 -2.95558622e+01 -2.30436939e+01 -1.99632770e+01
  -1.70781744e+01 -3.49907142e+00 -2.90972869e+00 -9.80806991e+00
  -1.05293702e+01 -1.04241036e+01 -9.51503522e+00 -6.95378860e+00
  -5.40356390e+00 -4.52140316e+00 -1.28174346e+01 -1.51827021e+01
  -3.01774829e+01 -5.20197417e+01 -8.77332895e+00  3.13517999e+01
   3.14282565e+01  2.91050439e+01]
 [-2.16895437e+01 -1.69883994e+01 -8.93281116e+00 -8.78656785e+00
  -8.10347730e+00 -5.94658147e+00 -9.88766346e+00 -1.09224769e+01
  -8.54119467e+00 -8.12314343e+00 -1.33128711e+01 -1.01283307e+01
  -9.07370152e+00 -2.09076339e+01 -2.66761691e+01 -2.36405580e+01
  -4.15293911e+01 -5.62800526e+01 -4.29410147e+01  5.35323805e+00
   5.69435633e+00  5.57414745e+00]
 [-2.08086504e+01 -1.59934960e+01 -9.98663694e+00 -9.76934402e+00
  -8.95414554e+00 -7.70237676e+00 -9.37615018e+00 -1.02920738e+01
  -4.31212928e+00 -3.76141610e+00 -1.27430660e+01 -1.32612785e+01
  -1.27492877e+01 -3.40616975e+01 -3.51444594e+01 -3.34994863e+01
  -5.35061339e+01 -6.65562625e+01 -4.20715796e+01 -2.50492281e+01
  -9.11363839e+00 -8.09084454e+00]
 [-1.82629909e+01 -1.36979676e+01 -1.03350401e+01 -1.00578655e+01
  -9.16413785e+00 -6.67849926e+00 -1.07356732e+01 -2.69986060e+00
   1.88127420e+00  3.01492927e+00 -5.17424066e+00 -1.32057494e+01
  -1.26959453e+01 -1.73433707e+01 -2.79932598e+01 -3.25697602e+01
  -8.17529734e+01 -8.14172852e+01 -3.79962447e+01 -3.23346249e+01
  -2.86895072e+01 -2.33058551e+01]
 [-1.46231260e+01 -1.06164688e+01 -9.89948128e+00 -9.58710867e+00
  -5.20748409e+00 -5.32639098e+00 -8.23944850e+00 -7.28843047e+00
   4.02592213e+00  5.32552033e+00  6.27166330e+00 -2.39568134e+00
  -6.99478823e+00 -1.07549319e+01 -1.28322832e+01 -3.38133452e+01
  -6.95614316e+01 -8.87461460e+01 -7.53708325e+01 -4.56392388e+01
  -3.60592987e+01  2.53773707e+00]
 [-6.35997498e+01 -5.23188579e+01 -7.82407373e+00 -6.58932374e+00
  -2.31848745e-01 -4.15278637e+00 -8.38869018e+00 -1.20190129e+01
  -4.93502268e+00  9.20792359e+00  9.00196015e+00 -2.37090613e+00
  -8.45699982e+00 -3.36491263e+00 -2.17791345e+00 -2.44542179e+01
  -6.05020836e+01 -8.73169351e+01 -7.39670256e+01 -4.21712001e+01
   2.61360700e+00  2.65769001e+00]
 [-8.47851919e+01 -7.22419859e+01 -6.09755822e+00 -4.97621957e+00
   4.69653552e-01 -3.48596520e+00 -7.81782392e+00 -1.15842190e+01
  -2.79766381e+00  1.02249740e+01  3.29213902e+00 -4.62475295e+00
  -1.78368605e+00  2.85194456e+01  2.76588293e+01 -1.73963325e+01
  -3.30323642e+01 -3.17577549e+01 -3.93849201e+01 -2.84414459e+01
   2.51387340e+00  2.55951302e+00]
 [-1.05655152e+02 -8.07286000e+01 -5.63686867e+01 -3.98869330e+00
  -3.61841608e+00 -2.56190127e+00 -6.65524685e+00 -1.02660635e+01
   2.25707206e-02 -1.23646833e+00  1.05173709e+01 -4.01960104e+00
   4.26371284e+00  2.92502166e+01  2.83672858e+01 -3.26269538e+01
  -3.39530411e+01 -2.52797660e+01 -1.71414518e+01 -8.14311888e+00
   2.22153398e+00  2.26518666e+00]
 [-8.46058755e+01 -6.63879323e+01 -5.05741840e+01 -5.14273756e+00
  -4.77616499e+00 -4.05351385e+00 -5.16027651e+00 -2.48228365e+01
  -1.92595102e+01 -1.50538348e+01  8.42022952e+00  9.42873126e+00
   9.68648532e+00  1.71429007e+01  1.40564608e+01 -1.16900605e+01
  -3.22353688e+01 -7.11948272e-01 -4.73827826e+00  2.03767074e+01
   5.71511063e+01  5.96813452e+01]
 [-5.33277848e+01  3.74048190e+00 -6.95937207e-01 -4.96804341e+00
  -5.59456266e+00 -1.60696753e+01 -2.75825503e+01 -3.05681934e+01
  -3.14188438e+01 -1.98616124e+01  1.01196345e+01  1.12021307e+01
   9.28809194e+00  7.75396617e+00  1.39893447e+01  2.31262197e+01
   2.25008708e+01  2.29504396e+01  2.29121237e+01  2.76584302e+01
   5.58657699e+01  5.83394874e+01]
 [-1.85001339e+01  5.71215454e+00  1.16509070e+00 -3.33630993e+00
  -1.28687801e+01 -1.91785551e+01 -3.23690652e+01 -3.09867020e+01
  -1.75958053e+01 -1.77912617e+01  7.01754829e+00  6.83846807e+00
   6.12457364e+00  7.27194400e+00  1.25808604e+01  2.32854123e+01
   2.26556517e+01  2.14099309e+01  2.34672136e+01  2.78743710e+01
   4.39696092e+01  5.26767111e+01]
 [-1.29624353e+01  7.22603652e+00  2.91235296e+00 -1.64729964e+01
  -1.91792139e+01 -2.96812354e+01 -3.03901460e+01 -2.29380549e+01
  -1.20732609e+01  1.83887965e+00  9.27612764e+00  8.42578039e+00
   7.82709284e+00  9.14840910e+00  8.33686643e+00  2.21905537e+01
   3.31729023e+01  3.42363622e+01  3.05626763e+01  2.91330992e+01
   3.58695332e+01  3.97307756e+01]
 [-3.09578541e+01 -2.72486005e+01 -8.49902180e+00 -2.14503341e+01
  -2.43552225e+01 -3.03230018e+01 -2.02336134e+01 -2.04202132e+01
  -5.64853192e+00  4.40721928e+00  9.48694249e+00  1.30377785e+01
   1.24457174e+01  1.03333942e+01  9.51351067e+00  2.69823832e+01
   3.50127730e+01  3.38888014e+01  3.07635201e+01  2.92439271e+01
   2.57159130e+01  2.09192939e+01]
 [-5.39450217e+01 -5.71910051e+01 -3.81143520e+01 -2.55046810e+01
  -2.45220025e+01 -1.20721259e+01  4.67941615e+00 -5.12512825e+00
   6.58096505e+00  6.71920872e+00  1.14137563e+01  1.10624220e+01
   1.21413055e+01  1.10971850e+01  9.30152466e+00  9.29655992e+00
   3.20291248e+01  3.09687088e+01  2.76116843e+01  2.72707054e+01
   2.39163346e+01  1.94019460e+01]
 [-6.80270726e+01 -5.15993706e+01 -3.15603832e+01 -1.26412279e+01
  -1.92829688e+01  2.11778022e+00  1.46150340e+01  4.69240055e+00
   6.15848553e+00  6.28858687e+00  5.42851655e+00  8.71243006e+00
   1.09386216e+01  7.48112097e+00  8.14165887e+00  8.17619538e+00
   1.72316465e+01  2.74278333e+01  2.71296323e+01  2.48277462e+01
   2.06604422e+01  1.67167775e+01]
 [-5.80083496e+01 -4.14231655e+01 -1.57833964e+01 -1.21515809e+01
   1.85651298e-01  9.05094417e+00  1.92567856e+01  1.71613911e+01
   1.79235838e+01  1.61209656e+01  7.01521835e+00  1.01970359e+01
   1.24665894e+01  7.87158072e+00  6.39283185e+00  1.50836738e+01
   1.92010635e+01  1.73631089e+01  1.40359013e+01  1.89483337e+01
   1.63039205e+01  1.31024732e+01]
 [-9.40685543e+01 -1.02243876e+01 -8.71913775e+00 -2.15824924e+00
  -2.15156476e+00  1.10293066e+01  1.30820752e+01  1.22558717e+01
   1.46042313e+01  1.51614269e+01  7.80610687e+00  1.66783905e+01
   1.14784368e+01  8.11911728e+00  6.00750831e+00 -2.64246947e-01
   1.03953365e+01  1.42035345e+01  1.10816243e+01  5.08566478e+00
   3.17736638e+00  2.58763199e+00]
 [-5.33335549e+01  2.71657070e-01 -1.77633999e+00 -1.42383870e-01
   1.64965797e+00  6.93875442e+00  9.22557964e+00  1.19876224e+01
   1.17942789e+01  1.43151039e+01  1.74320413e+01  1.87952354e+01
   1.47885028e+01  7.98736525e+00 -4.19823946e-01 -1.14964248e+00
   1.69841701e+00  6.06439320e+00  6.16558958e+00  4.60113932e+00
   4.07846985e+00  3.33098049e+00]
 [-3.18702096e+01 -3.45971343e-01  4.92404453e-01  2.50994464e+00
   3.97128885e+00  5.28449245e+00  7.42569584e+00  1.08334847e+01
   1.06700327e+01  1.43544858e+01  1.73438786e+01  1.82900237e+01
   1.51079339e+01  1.09337977e+01 -1.18356755e+00 -1.89607137e+00
   3.03249193e+00  1.07951578e+01  5.63360955e+00  5.42982042e+00
   4.82423967e+00  3.95022738e+00]
 [-9.23184044e+00 -9.25429428e-01 -1.24606115e-01  6.18369156e-01
   3.36238720e+00  4.36317719e+00  5.41451741e+00  6.70793866e+00
   9.96583034e+00  1.32593666e+01  1.59093281e+01  1.69655416e+01
   1.41856532e+01  1.04698466e+01 -1.70255141e+00  1.25878355e+01
   1.42933890e+01  1.49943257e+01  6.11728643e+00  5.90743018e+00
   5.25973094e+00  4.31688874e+00]]