[[-8.27522102e-01  5.53040836e+00  1.24705359e+01  2.02605219e+01
   2.60947745e+01  3.31961651e+01  3.72977544e+01  3.90514786e+01
   3.78614923e+01  2.70335449e+01  2.47473387e+01  2.62782195e+01
   3.17100391e+01  5.28183095e+01  6.17952507e+01  6.63671815e+01
   6.60175230e+01  6.56099143e+01  6.03592873e+01  6.21133355e+01
   5.50185202e+01  4.64128997e+01]
 [-1.05403662e+01 -1.03976488e+01 -5.49543793e-01  3.05955811e+00
   8.05827875e+00  1.54699986e+01  2.10406764e+01  2.42603947e+01
   2.68877085e+01  2.36210383e+01  2.09563741e+01  2.62123353e+01
   2.96286177e+01  4.34272505e+01  5.19916521e+01  5.68908481e+01
   5.88051473e+01  6.10311827e+01  6.23734202e+01  6.04319156e+01
   5.61297926e+01  4.95156528e+01]
 [-1.41613057e+01 -2.30544619e+01 -1.82767335e+01 -1.42761944e+01
  -1.06005531e+01 -3.40820003e+00  3.23128514e+00  6.83731487e+00
   8.94328055e+00  1.07152240e+01  9.53939907e+00  1.11515933e+01
   1.67627475e+01  2.82198622e+01  3.47854610e+01  3.84484796e+01
   4.24961771e+01  4.48186417e+01  4.83991663e+01  5.07479210e+01
   5.07368465e+01  4.76492018e+01]
 [-3.10318665e+01 -3.10707391e+01 -3.02848173e+01 -2.50187578e+01
  -1.74463171e+01 -9.56034145e+00 -4.86775125e-01 -3.72617725e+00
  -7.74355229e+00 -3.76670009e+00 -7.26542751e+00 -6.83140934e+00
  -1.14398071e+00  5.75569708e+00  1.44234025e+01  1.44162931e+01
   1.64774675e+01  1.99704931e+01  2.70653645e+01  3.41937564e+01
   4.58325305e+01  5.32844652e+01]
 [-1.53303182e+01 -3.26155615e+01 -3.01754325e+01 -2.42634828e+01
  -1.58347380e+01 -6.65288696e+00 -3.86672558e+00 -7.86756627e+00
  -8.88121333e+00 -1.58117604e+01 -2.06241260e+01 -2.23287647e+01
  -2.27179466e+01 -1.83555124e+01 -8.75671551e+00 -1.34336717e+01
  -1.42968665e+01 -9.67435140e+00  1.34232117e-01  1.80322551e+01
   4.18118179e+01  2.63607073e+01]
 [-3.72108272e+01 -3.20627778e+01 -2.84404673e+01 -2.20901150e+01
  -1.33417212e+01 -4.02137199e+00 -9.30690469e-01 -7.00039432e+00
  -1.28979484e+01 -1.82199153e+01 -2.24221941e+01 -2.55768763e+01
  -2.53589447e+01 -2.11858644e+01 -1.22349726e+01 -2.16769783e+01
  -3.28394814e+01 -3.25182733e+01 -1.55119527e+01  2.47150321e+00
   3.02623541e+01  2.71295461e+01]
 [-3.74880714e+01 -2.93891254e+01 -2.56657315e+01 -1.97585942e+01
  -1.15912128e+01 -2.84995168e+00  1.31366937e+00 -4.40525591e+00
  -9.79280994e+00 -1.47612874e+01 -1.68917826e+01 -1.86791648e+01
  -1.89374731e+01 -1.71863489e+01 -1.77452101e+01 -2.68753958e+01
  -3.40533120e+01 -4.16926118e+01 -1.92970828e+01  1.54153457e+01
   4.08707539e+01  5.75315156e+01]
 [-3.64382271e+01 -2.70328935e+01 -2.51201239e+01 -1.76959656e+01
  -1.06355407e+01 -6.00464970e+00 -2.62088816e+00 -3.54709797e+00
  -7.89334381e+00 -1.18365572e+01 -1.06058431e+01 -6.68508993e+00
  -1.13103395e+01 -1.04627667e+01 -1.38043792e+01 -2.43965976e+01
  -3.17296935e+01 -3.97968142e+01 -1.54296970e+01  1.41431355e+01
   4.12149546e+01  5.93421757e+01]
 [-3.26488551e+01 -2.76762276e+01 -2.45826449e+01 -1.89395703e+01
  -1.29692308e+01 -7.80699684e+00 -5.90371994e+00 -7.90678940e+00
  -8.78821132e+00 -9.74012918e+00 -1.01796158e+01 -8.65507135e+00
  -6.40284104e+00 -1.15706330e+01 -1.51172301e+01 -1.52537075e+01
  -3.76249558e+01 -4.25926066e+01 -2.49064906e+01  6.82802331e+00
   3.24827290e+01  5.01772756e+01]
 [-2.68449085e+01 -2.42053618e+01 -2.07402457e+01 -1.69514777e+01
  -1.21753579e+01 -6.53416949e+00 -8.25379790e+00 -1.03430840e+01
  -9.27940519e+00 -9.11043102e+00 -1.22314348e+01 -1.09128949e+01
  -1.37862772e+01 -2.12316303e+01 -2.68624224e+01 -3.39328984e+01
  -4.25570902e+01 -5.00597847e+01 -2.75826611e+01 -6.54349995e+00
   1.29341047e+01  2.69842903e+01]
 [-2.02438038e+01 -1.93389240e+01 -1.57860044e+01 -1.23019223e+01
  -1.02102997e+01 -8.11871194e+00 -8.95855693e+00 -6.70107753e+00
  -1.14807160e+00 -5.47440494e+00 -1.03966479e+01 -1.11069946e+01
  -2.20990356e+01 -2.99562264e+01 -3.08065020e+01 -2.92647172e+01
  -5.19801697e+01 -6.12724052e+01 -4.79877347e+01 -2.31544527e+01
  -3.38603909e+00 -8.46798773e+00]
 [-2.69583764e+01 -1.64082420e+01 -1.03255053e+01 -7.87272411e+00
  -8.13561242e+00 -8.61587127e+00 -7.21641912e+00 -7.01086552e+00
  -5.29695233e+00  1.66511626e+00 -4.02420095e+00 -8.83500920e+00
  -1.44074166e+01 -2.09172018e+01 -2.72020018e+01 -2.36468710e+01
  -7.60346648e+01 -7.90851061e+01 -6.15564857e+01 -3.95521201e+01
  -1.70487884e+01  1.32782550e+00]
 [-4.81968875e+01 -3.04715600e+01 -7.25010589e+00 -6.68170201e+00
  -6.73049177e+00 -7.91695740e+00 -8.05790973e+00 -7.08637741e+00
  -4.80103955e+00  6.76713580e+00  2.10808860e+00 -1.43312477e+00
  -6.80671309e+00 -9.00054092e+00 -1.19245523e+01 -4.36312216e+01
  -6.41028580e+01 -7.96552618e+01 -7.14322206e+01 -4.57332322e+01
  -2.07323344e+01  5.75550935e-01]
 [-6.60708669e+01 -4.99351092e+01 -3.25317675e+01 -3.97305615e+00
  -4.45286811e+00 -6.30322954e+00 -1.10847089e+01 -9.20390928e+00
  -4.02665634e+00  4.33513732e+00  3.94990171e+00 -1.30267803e+00
  -8.19633306e+00 -1.27483269e-02  4.06119421e+00 -2.43831042e+01
  -6.05021370e+01 -7.58744618e+01 -6.99836084e+01 -4.69117577e+01
  -1.87896191e+01 -1.07574477e+01]
 [-9.43921388e+01 -6.55430601e+01 -4.43610942e+01 -2.97797038e+00
  -3.01411516e+00 -4.18153047e+00 -9.67768765e+00 -6.91687530e+00
  -5.50696229e+00  4.31911803e+00  4.61603769e+00  1.96272208e-01
  -1.74282320e+00  8.00006398e+00  1.14368801e+01 -1.21512495e+01
  -4.74652896e+01 -5.77536410e+01 -4.84554490e+01 -2.50974674e+01
  -4.33465478e+00  9.73158189e+00]
 [-9.28285663e+01 -7.90922547e+01 -6.28943246e+01 -2.70884729e+01
  -2.88620720e+00 -7.11791350e+00 -1.57232517e+01 -1.68042507e+01
  -1.48107025e+01 -1.42243752e+00  2.01886498e+00  3.54989687e+00
   8.91526040e+00  1.76543168e+01  1.05134862e+01 -1.43507042e+01
  -3.05604443e+01 -2.60048492e+01 -2.89442581e+01 -8.73414848e+00
   2.56602736e+01  3.13755213e+01]
 [-8.16982200e+01 -5.49527747e+01 -4.79711487e+01 -2.87156603e+01
  -5.33482979e+00 -1.11476205e+01 -1.85777639e+01 -2.50302453e+01
  -2.47115795e+01 -1.08278923e+01  4.09608623e+00  3.19652674e+00
   2.15764183e+01  9.63980426e+00  2.09805377e+01 -5.23907969e+00
  -7.30449796e+00 -7.52886582e+00 -4.85019965e+00  2.20083207e+01
   4.51636116e+01  5.26483575e+01]
 [-6.02053479e+01 -3.13024095e+01 -2.51407247e+01 -3.51835589e+00
  -9.59704254e+00 -1.60622774e+01 -2.23837578e+01 -3.47085668e+01
  -3.12599740e+01 -1.99462562e+01 -4.90511649e+00  9.46517420e+00
   9.23778501e+00  9.23490740e+00  1.14460512e+01  1.99428625e+01
   2.43730580e+01  1.35395581e+01  1.19041024e+01  9.50102761e+00
   5.09279046e+01  6.17135015e+01]
 [-3.26143582e+01 -3.53235372e+00 -1.31975294e+00 -7.74508090e+00
  -1.54758393e+01 -2.40876268e+01 -2.95751271e+01 -3.15178023e+01
  -2.37767771e+01 -1.15306925e+01 -7.85749252e+00  9.15529017e+00
   7.68849195e+00  7.65488245e+00  1.10474348e+01  1.96246891e+01
   2.31496007e+01  2.82072628e+01  2.75979148e+01  3.68694479e+01
   4.79591854e+01  5.81354081e+01]
 [-2.55962379e+01 -1.34695999e+00 -1.29267697e+01 -1.20539283e+01
  -2.01484151e+01 -2.68488339e+01 -3.15167124e+01 -2.40466875e+01
  -1.49534196e+01 -5.26044027e+00  6.90724771e+00  1.06863616e+01
   8.70210754e+00  8.99690398e+00  1.32064644e+01  2.32343777e+01
   3.24828547e+01  3.07301499e+01  3.01530708e+01  2.97146120e+01
   4.08946529e+01  5.06165959e+01]
 [-4.63364446e+01 -2.25511911e+01 -3.05195958e+01 -1.74922859e+01
  -2.74135465e+01 -3.04978839e+01 -2.53420601e+01 -1.75759199e+01
  -6.67671213e+00  4.69761031e+00  9.60115587e+00  1.18601659e+01
   1.17851806e+01  1.03138215e+01  9.75158463e+00  2.35118254e+01
   3.09014706e+01  3.42390912e+01  3.27682714e+01  2.98811115e+01
   2.78984724e+01  4.74721468e+01]
 [-6.18751517e+01 -4.24147751e+01 -3.19070536e+01 -3.31654137e+01
  -2.74672519e+01 -1.56455518e+01 -9.43734868e+00 -1.27913283e+00
  -1.10137587e+00  7.07962881e+00  1.05126523e+01  1.27739567e+01
   1.20068843e+01  1.01888880e+01  9.67671016e+00  2.04049192e+01
   2.50681364e+01  3.10162627e+01  2.80018331e+01  2.33155344e+01
   2.18349684e+01  3.96403047e+01]
 [-7.92242117e+01 -5.20392731e+01 -3.95258726e+01 -2.29366108e+01
  -1.78249703e+01 -1.16730449e+00  6.44977075e+00  1.13155918e+01
   5.43548865e+00  9.55110677e+00  8.50682704e+00  1.24344228e+01
   1.08638032e+01  1.11369663e+01  9.75697376e+00  1.48082334e+01
   2.30708068e+01  2.73121263e+01  2.34368549e+01  1.95360900e+01
   1.49402225e+01  1.48481691e+01]
 [-7.72539350e+01 -4.03759732e+01 -2.54309404e+01 -1.04115910e+01
  -7.55576251e-01  1.14550002e+01  1.83202572e+01  2.02661526e+01
   1.34311107e+01  1.23859781e+01  1.21790285e+01  9.94064649e+00
   1.01956664e+01  1.05321968e+01  7.77096228e+00  1.23820653e+01
   1.79993770e+01  2.30348491e+01  2.70289604e+01  1.90418629e+01
   1.58850085e+01  1.37254041e+01]
 [-6.61344229e+01 -2.80472838e+01 -1.38510260e+01 -6.04619110e+00
   2.13218148e+00  6.98020882e+00  1.29827748e+01  1.44576455e+01
   1.47592456e+01  1.54670933e+01  1.33238968e+01  1.40566790e+01
   1.24221317e+01  8.71735723e+00  4.73109100e+00  8.60832520e+00
   1.21663743e+01  1.68486131e+01  1.98318896e+01  9.74649305e+00
   7.46494774e+00 -4.01111387e+00]
 [-5.08901927e+01 -2.49184578e+01 -3.06987235e+00  1.05151496e+00
   3.30630304e+00  5.48197167e+00  1.08979201e+01  9.69360154e+00
   1.20424587e+01  1.63134333e+01  1.73031060e+01  1.76326735e+01
   1.54561951e+01  9.50560682e+00 -5.88421138e-02 -1.57340922e+00
   4.29259579e+00  9.53347934e+00  4.19304741e+00  1.03209359e+00
  -1.75632966e+00 -3.64745918e+00]
 [-3.17296315e+01 -8.36711504e+00  2.10864081e+00  4.47952316e+00
   4.30653181e+00  3.91825026e+00  4.65061449e+00  5.96174581e+00
   8.87951754e+00  1.15383234e+01  1.93456963e+01  1.81097963e+01
   1.53709476e+01  9.18224857e+00  3.63215334e+00  2.73980154e+00
   6.96656244e+00  1.07525005e+01  6.99142551e+00  3.21526640e+00
  -2.59364805e-01 -2.77623489e+00]
 [-1.01197986e+01  9.27006430e+00  3.58662061e+00  6.37629256e+00
   8.75205089e+00  1.10734789e+01  1.27937134e+00  2.67604738e+00
   1.04933864e+01  8.51051152e+00  1.71656059e+01  1.72472511e+01
   1.27450356e+01  8.21210814e+00  1.02207494e+01  7.38215025e+00
   9.69778504e+00  1.42609216e+01  1.00769876e+01  5.18951576e+00
   6.71061977e-01 -2.64567158e+00]]