[[5328.26720032 5344.77450566 5376.85650803 5405.95262332 5425.63326552
  5457.66228481 5476.00861706 5487.55322575 5494.23784791 5496.09637499
  5497.12224376 5509.62802319 5532.95785485 5556.94277865 5591.13913566
  5615.43246059 5642.78264893 5644.58043875 5654.1984524  5659.69503434
  5659.82688997 5660.52852736]
 [5298.10962461 5314.87947557 5327.35326515 5365.06449533 5400.06500902
  5415.66913008 5443.04385931 5477.4879338  5485.94789024 5486.54760751
  5491.57960446 5503.09625794 5525.27511862 5547.421446   5580.26910531
  5599.76587014 5624.35544265 5641.09651313 5654.65717742 5655.39834118
  5662.24148059 5662.49446513]
 [5261.84593336 5276.8385671  5301.28512446 5318.84828281 5348.01537713
  5384.26464088 5415.11811341 5443.57876665 5469.36097561 5473.2377831
  5477.54212373 5487.54837749 5507.44640645 5518.93191184 5535.7217095
  5563.78311924 5592.49961834 5627.56607628 5632.59785176 5651.08491375
  5659.21764023 5660.25895566]
 [5249.90688662 5260.97294436 5275.3871306  5299.35096845 5329.43494506
  5366.5393955  5387.17104705 5393.60398042 5421.91629854 5429.11478034
  5432.97142592 5438.81437144 5455.9103747  5455.95365286 5483.2168536
  5519.01284732 5551.25259503 5552.99981726 5616.04807064 5637.86172673
  5648.69565934 5651.69134592]
 [5236.08309867 5245.11724323 5256.03649177 5277.15591317 5318.87608896
  5356.03053598 5375.65246767 5384.12866379 5389.95878446 5391.08003848
  5393.97286818 5398.03217081 5404.83615642 5413.17416627 5446.27492669
  5469.52496275 5478.97812486 5510.01604811 5560.54850158 5614.79556895
  5628.55625006 5633.94734098]
 [5220.06126098 5228.78751046 5239.58383312 5262.37060937 5311.26923579
  5350.97582252 5371.85765379 5378.81314352 5379.97083867 5386.48018716
  5391.58566398 5387.86446245 5392.21996181 5398.62333908 5412.63472687
  5439.99246538 5442.77535402 5471.67503775 5527.55865795 5570.72700146
  5600.57382519 5618.40391104]
 [5196.491277   5218.67983543 5230.63370855 5262.19064617 5304.2238109
  5344.63180269 5373.28040686 5389.24969106 5389.72048533 5396.24794375
  5400.61807236 5398.32477071 5405.35562865 5411.14402166 5418.02983098
  5431.85659867 5428.31641802 5454.25888752 5482.78847482 5574.85734544
  5590.54713365 5597.92624296]
 [5197.32461363 5209.50284298 5230.67846917 5264.08057675 5308.12240423
  5352.6598263  5379.0221785  5397.86167281 5406.92449098 5414.50374819
  5419.41500579 5422.76527206 5426.59584813 5428.39064509 5427.36572044
  5433.11406645 5427.13950564 5446.04506689 5495.35682663 5566.02164652
  5580.86004664 5587.87478755]
 [5196.60187776 5211.74743498 5240.68735602 5276.90556893 5316.27901553
  5361.20289751 5389.91469712 5407.7660566  5423.05907262 5431.55892653
  5436.80037015 5440.53525031 5440.34382613 5438.54062753 5429.16029704
  5430.16304072 5427.31334904 5427.82640271 5496.56802563 5557.77371748
  5572.54502693 5580.13270946]
 [5208.72863242 5229.61597757 5264.43133926 5301.18329014 5337.23956672
  5368.81060376 5395.18297888 5424.06691623 5445.88931735 5455.56262292
  5453.77336792 5455.90301351 5452.39630011 5434.98216902 5425.05159336
  5427.32269842 5415.712373   5417.78732697 5454.18326849 5523.50591238
  5539.51568805 5551.5249635 ]
 [5213.77308009 5234.61022743 5266.75421382 5304.15089302 5342.9759657
  5377.57682994 5411.45705547 5445.56657726 5472.99639261 5481.91924563
  5474.1719859  5470.33863938 5464.49567617 5436.15127104 5429.4246764
  5428.03924772 5410.02499402 5408.04380609 5451.98114869 5490.11809385
  5524.37128064 5542.56637327]
 [5219.21648025 5239.65672202 5268.7677275  5308.82230683 5354.89594175
  5398.62355178 5434.56281105 5477.50775214 5501.68340807 5509.28921929
  5500.85935964 5488.91459318 5483.29570603 5472.09097269 5456.1179881
  5448.30691503 5399.33895165 5407.01943952 5467.41197441 5496.04530559
  5523.53223016 5553.46613641]
 [5222.15710999 5245.53067189 5278.12577218 5327.58610547 5385.87883102
  5430.59726374 5464.96386205 5495.57568529 5524.18227669 5532.1930832
  5534.26199113 5523.97676025 5516.0479416  5508.16161189 5502.40392423
  5479.02674819 5443.09292579 5429.36350731 5458.77032244 5514.43697606
  5553.36501054 5620.74601826]
 [5165.38526551 5206.78648674 5299.98012027 5363.94356291 5424.69675022
  5458.94247767 5485.12567626 5507.73634256 5533.74977494 5558.955472
  5564.88649674 5556.95627078 5552.02327781 5556.17972749 5555.36942612
  5531.24194843 5494.84102404 5472.52220695 5500.85772384 5559.19384324
  5634.55295609 5662.66056367]
 [5136.01822019 5191.62751995 5326.70354374 5397.62429033 5449.08178592
  5475.27987077 5498.49846633 5522.49910392 5555.12734227 5585.69462523
  5591.11605401 5591.52947794 5599.00775777 5630.95027421 5629.99037708
  5584.52883549 5569.90226914 5576.36640579 5582.56598035 5617.80223089
  5677.06410896 5702.58887797]
 [5121.18658005 5196.52229913 5296.18366223 5415.28698236 5455.93164297
  5486.34904618 5513.44440532 5542.34813814 5580.7080097  5600.95178792
  5628.37711884 5624.41815668 5639.34158483 5668.8373806  5671.5964744
  5614.07839983 5617.17839584 5633.10948481 5654.25562668 5683.98043519
  5718.64939753 5740.62297952]
 [5161.80683994 5233.27892339 5317.67736425 5421.49048786 5462.0529539
  5499.14042967 5537.55263077 5553.70034664 5586.55432834 5611.32853439
  5650.46856585 5662.9996501  5672.35302478 5688.576889   5694.33110353
  5676.79698061 5664.06075199 5704.36649473 5712.16403351 5753.91010716
  5809.98039939 5829.86514447]
 [5218.29969857 5327.38354694 5382.34364161 5430.99629231 5475.47589525
  5511.73681869 5545.48560405 5575.58660412 5596.99516774 5625.95762842
  5670.72842288 5684.62983145 5695.33375107 5707.46519865 5727.03298122
  5747.45586657 5756.30531198 5765.75240279 5775.74682232 5792.87559005
  5835.0790668  5850.24513339]
 [5278.19061039 5350.78211097 5400.49392973 5450.93561044 5494.79565527
  5540.31922181 5569.05789163 5597.52527535 5629.07299975 5644.16280404
  5683.40168743 5697.76215135 5713.3021782  5731.93594285 5752.76885942
  5775.57832335 5784.69116842 5792.04647353 5802.33683163 5815.28925276
  5840.40434516 5857.64319729]
 [5309.0499963  5375.20329858 5426.43518444 5469.16637374 5524.14273137
  5560.16793576 5592.79585615 5622.71293363 5650.34285528 5679.11830313
  5701.32068907 5716.8635092  5735.51789658 5756.35579865 5771.20635832
  5796.62810689 5816.93507244 5825.95594526 5828.92355734 5832.95456286
  5844.42448094 5852.90692652]
 [5320.07550535 5371.10479149 5449.80734028 5501.85433825 5551.40592932
  5582.07659934 5618.58727817 5638.90517923 5670.8199217  5696.37850676
  5717.06691528 5738.81667788 5759.83476245 5778.30109851 5792.66794359
  5820.84007604 5837.36249726 5843.16727839 5845.13279295 5846.7813557
  5844.81899728 5840.99823493]
 [5326.37735608 5373.98511208 5453.60304061 5525.66761734 5570.90524924
  5613.5590754  5653.77333061 5664.59380188 5694.77791981 5711.57077555
  5732.80236724 5751.83033963 5775.92343906 5796.29650401 5809.74124363
  5820.08529492 5850.62899652 5855.49488029 5855.97152016 5857.3625807
  5853.84861774 5847.75210535]
 [5336.3067148  5405.95545251 5482.73192628 5552.97797593 5584.74023627
  5633.75164175 5669.25331026 5681.28283895 5703.32709706 5721.74539619
  5738.27442207 5761.11507334 5786.26983439 5804.55896986 5820.99634659
  5831.66817673 5848.5384255  5864.60107808 5868.17874021 5867.77465133
  5863.72956344 5858.13298705]
 [5366.04496149 5435.87013865 5512.84863264 5560.4731836  5606.96458037
  5642.14342041 5675.65455093 5697.31320988 5721.34490226 5739.93697577
  5749.0598697  5771.34353727 5795.41233847 5812.23469789 5827.09774505
  5847.00302213 5859.42781789 5864.30288134 5866.40687062 5875.47724291
  5875.78947924 5874.36146571]
 [5347.2170661  5481.27285366 5528.3503017  5573.24921357 5604.3701146
  5643.0118436  5668.76386969 5693.46067964 5721.93331494 5745.21314527
  5756.93935803 5784.34780715 5799.65906699 5817.14142815 5831.86603849
  5837.5912275  5857.39775332 5868.97792732 5872.57696475 5872.027425
  5874.13827898 5876.26687917]
 [5402.4846197  5499.68093502 5537.50723941 5574.03804491 5605.63329581
  5636.30584872 5662.88208707 5692.78886655 5721.41079921 5748.91449053
  5771.90297448 5791.30924528 5806.82068338 5820.57448995 5829.79013835
  5842.24516494 5855.29698074 5867.96650959 5874.52861093 5877.49533118
  5879.84688541 5880.80711808]
 [5435.32279383 5501.04414022 5535.83645959 5571.12748312 5603.05314736
  5630.84818386 5658.29710815 5690.40888827 5721.53258141 5752.2904923
  5775.81420192 5794.36496161 5810.17213882 5827.12369213 5834.27040272
  5848.24653704 5863.83492562 5879.096754   5878.83516223 5881.57961019
  5882.64984109 5882.70687621]
 [5466.34985605 5498.94005054 5527.04306588 5559.67377136 5595.02799242
  5624.82597481 5652.2529096  5682.86362579 5719.0807676  5751.8275593
  5776.40802773 5795.30129081 5811.98672566 5831.58064719 5841.262636
  5870.93340674 5882.0486615  5888.21154847 5882.39056556 5883.84616011
  5884.09943469 5883.64979877]]