[[5317.35589211 5340.46891836 5365.50202157 5395.30399933 5423.37242581
  5450.19510646 5472.05436558 5488.99727304 5499.23527301 5497.24366959
  5504.04026517 5516.67157379 5535.70605743 5573.78184464 5602.86386696
  5627.10375111 5643.41359838 5658.56475076 5669.63712898 5685.49856482
  5687.11957697 5682.77107027]
 [5294.42853633 5312.24552425 5339.81250672 5364.35012909 5391.79733401
  5420.47766425 5445.70835415 5466.23518066 5482.09065659 5488.39384475
  5494.45397153 5509.65360795 5524.9082874  5553.33611115 5579.67501281
  5603.64135824 5624.67971548 5647.38792949 5669.27519586 5682.77130941
  5687.22048756 5684.90332548]
 [5276.60532888 5283.54754702 5304.44577841 5328.43757581 5355.32479297
  5385.27827551 5412.81050398 5435.19292236 5451.86620643 5463.44175898
  5470.16449552 5480.17724669 5495.53108821 5519.09536412 5541.1520971
  5563.59014666 5590.03481403 5618.69777359 5647.5817327  5667.80877132
  5677.96377341 5680.13344187]
 [5247.71999485 5259.67736725 5274.4010909  5299.19815272 5330.90574727
  5362.15803061 5391.4077283  5406.08823614 5416.26584552 5429.46426514
  5432.77292241 5440.09284405 5453.78194313 5470.96380408 5493.59214429
  5512.45580174 5540.0073908  5574.84979403 5611.66373161 5640.1169323
  5664.58101366 5679.05038783]
 [5250.13716649 5241.35135015 5256.18902426 5282.36059118 5317.2217323
  5351.09105957 5373.04980165 5385.09637266 5396.94976353 5398.28794994
  5399.17899734 5403.15974036 5409.6749305  5423.08971537 5445.26562551
  5458.8944566  5484.53714421 5522.16020476 5563.63558951 5605.58283749
  5644.91382636 5638.35597783]
 [5211.70288494 5224.82089573 5240.59578644 5268.81743366 5307.83710086
  5345.21618837 5368.77310461 5378.94439212 5385.5945051  5387.79756497
  5388.2006538  5389.51388054 5395.31887856 5406.70988714 5425.88293843
  5432.60686463 5446.32204695 5477.79447933 5525.01855607 5567.06685406
  5611.30718659 5617.89125009]
 [5197.01031849 5214.97091072 5231.81142621 5261.50084764 5303.70697725
  5344.58959425 5372.63445131 5385.61024256 5393.4891882  5395.74460776
  5397.57232698 5399.08498434 5402.4007886  5408.53212955 5414.82665267
  5418.38286496 5432.95445507 5453.69958923 5503.90176689 5561.01720652
  5602.09094822 5628.29859808]
 [5190.68741513 5212.19444137 5230.38486867 5265.18968169 5308.81600294
  5347.37010234 5377.73317641 5398.39036242 5408.20532276 5411.70239527
  5417.00861213 5423.33975445 5419.79909868 5421.53593057 5421.08234231
  5418.74349162 5429.01783424 5446.86883151 5497.76957824 5548.65542786
  5590.48874675 5617.96554571]
 [5194.14264426 5213.62706962 5239.14840505 5277.9292756  5320.38795921
  5356.89497209 5386.92070587 5409.66733711 5424.80023147 5432.24290099
  5436.13578961 5438.83396756 5439.34454899 5431.49139765 5426.86050158
  5430.0920353  5419.8658761  5437.25353785 5480.43486401 5533.2499409
  5573.59949942 5601.20494109]
 [5203.57326764 5222.39901516 5252.62390466 5293.0183803  5333.1676861
  5368.22301575 5396.81684444 5424.64630908 5445.15110683 5454.57533533
  5454.8548043  5455.11844926 5447.68372442 5434.65817262 5424.86534006
  5417.03035806 5414.68467386 5424.00759483 5469.54162207 5511.60917437
  5546.75543643 5572.93510632]
 [5214.33792669 5231.26479944 5260.95484632 5301.61831478 5341.71981157
  5377.16049476 5411.87464872 5449.15757357 5476.1604503  5480.2062568
  5476.51840404 5472.49292336 5455.14592829 5440.2567422  5433.76263375
  5432.27401678 5411.55095815 5413.32766336 5446.0649936  5492.01286917
  5530.09887995 5542.18923008]
 [5210.52109477 5236.94644761 5268.77726229 5311.00744822 5355.92446719
  5396.68617977 5438.08206512 5473.19674722 5494.50518154 5507.93940629
  5502.00939935 5493.28533335 5481.58423465 5468.51714166 5456.90924605
  5457.22980419 5405.05726017 5409.35161862 5443.85173348 5488.82781047
  5535.17294895 5578.09981698]
 [5188.58334853 5225.6755807  5280.77514757 5330.49151213 5384.35582334
  5428.00669732 5465.14540082 5495.77773834 5515.35531501 5533.63469866
  5530.09841642 5524.93931682 5516.23601674 5509.91600286 5503.31165506
  5469.20887183 5448.55149939 5438.45439148 5462.70893434 5514.3429826
  5568.69197482 5618.78383212]
 [5162.91414837 5209.17023549 5275.27242654 5366.5598305  5420.47573086
  5456.7920345  5482.42965754 5510.55144619 5534.65814127 5554.08268573
  5559.8344383  5558.02449888 5552.28394457 5559.5318918  5561.60853378
  5531.31306214 5494.84097067 5483.96468026 5504.84114105 5554.45328566
  5613.14972995 5649.24542596]
 [5126.41127327 5198.32644574 5288.44000776 5399.62253952 5445.59801721
  5474.58430549 5496.63860259 5527.16644765 5552.4180438  5579.78876927
  5592.43995268 5596.35050309 5599.04862061 5610.43089262 5613.76842783
  5589.77391849 5555.46934379 5550.3705197  5573.49545151 5621.14620944
  5670.21558077 5709.76094684]
 [5134.01316606 5198.15864441 5289.65802433 5392.18720274 5456.66385185
  5481.79303395 5504.37640047 5535.80995094 5565.8747365  5600.76581873
  5619.87861287 5631.98765459 5643.99313239 5657.24148075 5653.74267473
  5632.3546495  5620.57099255 5632.38440153 5642.45282033 5683.38940559
  5742.08813711 5769.73331419]
 [5164.7144954  5244.71408099 5320.28039952 5397.91756508 5461.49428909
  5492.04632307 5524.13514338 5553.49293777 5581.10225903 5615.5544769
  5646.14442256 5656.76744558 5684.24295776 5681.07379261 5701.25518039
  5683.24796138 5688.99162282 5697.54957718 5712.05211211 5755.54172048
  5797.99290469 5822.83215682]
 [5211.42213545 5292.34065549 5357.89885408 5432.44597983 5471.47341537
  5511.74421664 5550.68439656 5571.44623065 5597.15403751 5625.87298454
  5655.70367189 5682.892875   5695.28344414 5708.94613987 5724.48968779
  5744.27250941 5758.17749925 5756.34152124 5764.73880095 5774.71818747
  5830.14120152 5853.61914748]
 [5264.076386   5341.53760271 5398.00908609 5446.52683947 5492.18859611
  5535.41015011 5571.85182973 5596.99417508 5622.89202795 5650.42337328
  5668.52664663 5700.07897344 5714.86609652 5732.31888131 5751.23543374
  5771.91760016 5785.18511747 5798.84380545 5806.46753278 5824.28432972
  5844.39392145 5863.10189431]
 [5296.41619373 5366.63030207 5410.59606183 5473.58544182 5523.17353017
  5563.00033729 5591.6692898  5621.60430103 5647.46269662 5672.01898322
  5698.95180914 5719.12409039 5736.39291128 5756.20429353 5776.07595625
  5797.67193084 5816.24502487 5822.44973295 5828.51395186 5833.53607568
  5849.44960069 5863.79274677]
 [5304.69691479 5375.80220088 5427.78676625 5505.81238641 5548.3476053
  5581.90171728 5613.47883146 5641.74947254 5669.79174149 5696.6688978
  5717.18112866 5737.63906527 5759.17422562 5778.28152575 5792.90601755
  5817.3695182  5833.25119487 5843.51756821 5847.13754428 5847.41854009
  5847.00155668 5867.55108786]
 [5318.44722606 5388.76134203 5459.810339   5518.00688461 5567.95999978
  5609.98564949 5639.65656579 5668.4397973  5687.09557889 5711.93119564
  5731.90126323 5753.54187427 5775.78901786 5795.38820703 5810.11642912
  5831.19365419 5843.66800816 5855.54243413 5856.361669   5853.40740975
  5851.76725159 5867.99046409]
 [5325.10957564 5405.51555008 5474.76643689 5542.68259297 5586.19823478
  5630.46655704 5661.08804699 5687.90603017 5702.60410018 5725.00791608
  5741.35273257 5764.83706607 5786.19501601 5808.21481524 5822.61166147
  5838.30021471 5854.37758584 5864.48537102 5864.48596279 5862.48299509
  5858.0093438  5856.26437863]
 [5346.79937611 5436.91733094 5503.20108869 5562.21317346 5606.02335282
  5644.54747647 5674.71802254 5700.41797145 5716.85242909 5736.20198825
  5754.22367984 5771.08714787 5793.14141553 5814.89531395 5828.47587549
  5844.30141368 5858.22613146 5869.97462156 5879.39992965 5875.57077212
  5875.37056723 5874.98439664]
 [5375.15119754 5463.44995745 5523.21841346 5569.3612717  5608.65386084
  5638.96274587 5668.66456931 5695.66245344 5722.08832919 5745.51881163
  5762.45714799 5781.72609569 5800.6027618  5817.7396681  5830.58962118
  5846.46379965 5859.16879105 5871.62300591 5881.32723001 5876.68825327
  5878.42586035 5869.66813331]
 [5404.92798189 5474.49082018 5536.21370706 5575.23194374 5607.28994088
  5634.84906597 5664.55442751 5690.49484572 5721.65897904 5750.91281996
  5771.77403918 5790.14668339 5807.48837572 5822.09273151 5830.15112018
  5841.8213982  5857.89115952 5871.43559573 5872.55606876 5873.92628546
  5874.01208591 5873.82867841]
 [5435.46337188 5493.02299652 5537.45269595 5573.09706164 5603.38839033
  5629.48194166 5655.52202679 5685.53714938 5719.74206628 5749.47432983
  5777.81601967 5794.18473422 5810.43515257 5825.372143   5839.08612361
  5852.88240994 5867.76899613 5879.05409667 5880.19297819 5879.36505617
  5877.56623662 5875.98041394]
 [5465.46189793 5509.13554426 5530.7542926  5565.43169476 5600.41765611
  5631.53627652 5648.11776354 5678.83173451 5719.60832371 5747.07870426
  5777.66430552 5795.58300028 5810.546108   5829.32290875 5853.18593682
  5865.72772148 5877.45305752 5887.47814443 5886.35026669 5883.12824568
  5879.51076572 5876.68723845]]