[[5321.35923103 5347.08167898 5372.24459046 5392.69010781 5422.70937529
  5449.51267252 5473.25866653 5490.10141705 5501.19836911 5509.74091961
  5516.56541494 5530.2432256  5551.75148655 5576.6352989  5602.34930802
  5627.98589682 5647.06890814 5661.18987498 5674.37387462 5681.62831568
  5683.37900045 5679.72987463]
 [5298.08444025 5324.8231291  5341.55439155 5362.38029    5391.79589201
  5419.74158394 5445.60898546 5465.01534587 5478.48591035 5487.39069967
  5497.28745742 5509.85234083 5527.96278084 5555.49160916 5579.53622299
  5605.9613271  5626.58631696 5647.33959045 5664.39537512 5677.72665412
  5683.1085465  5682.35152635]
 [5275.1814961  5293.2368     5308.89167418 5327.36300868 5357.26736782
  5387.44708906 5414.02530069 5435.6558884  5446.7328153  5457.853051
  5466.55670666 5475.85677349 5491.02710791 5515.49891769 5538.52480059
  5562.21887742 5588.34090261 5617.94966615 5642.00739915 5663.24487029
  5675.7483812  5679.51090739]
 [5255.06933267 5268.34246148 5278.9669808  5297.32523138 5330.19407418
  5360.55291505 5385.69979467 5405.0970007  5414.15349127 5423.08613267
  5428.92741849 5434.31277289 5446.36378173 5467.69310148 5487.1087222
  5509.41531669 5537.73364862 5567.91239916 5606.07508463 5639.19805108
  5662.65895395 5674.54818901]
 [5236.55671451 5244.9954487  5255.5413182  5279.59351148 5313.43624219
  5345.82205338 5369.40459079 5387.19952879 5393.2630708  5396.0825527
  5396.59445815 5401.06111758 5410.67295985 5428.80777418 5445.72483473
  5460.36581411 5489.95817861 5518.12805019 5563.43019976 5606.26843398
  5645.99426984 5666.83443859]
 [5217.80263348 5227.67962344 5237.6068197  5267.80733853 5306.56820418
  5343.15131152 5366.88008713 5380.83992677 5385.75135299 5388.58825971
  5387.77083802 5388.32660739 5396.77278583 5409.08004734 5419.0396132
  5430.04676817 5451.08340642 5478.42474263 5525.04878607 5584.43209079
  5625.58573784 5652.01361872]
 [5204.75861066 5216.197112   5231.11228392 5263.98474165 5306.69168585
  5345.30697846 5371.6389223  5387.62259008 5392.44928034 5397.81713394
  5398.64136833 5399.37875435 5403.97739278 5410.83085089 5416.98511687
  5425.08918677 5422.7810038  5456.08637773 5508.72697742 5561.50976572
  5610.42393487 5644.05245779]
 [5203.52104121 5210.81272912 5233.3058715  5269.0296823  5313.31791081
  5350.96650062 5380.9152313  5399.45656046 5408.34909376 5412.54342558
  5415.69095093 5421.7296592  5423.26043172 5417.7182962  5419.67127147
  5418.86422161 5421.37426407 5447.41355804 5493.04824463 5546.15335507
  5594.33054597 5636.88064419]
 [5209.01774228 5221.67460361 5244.58393363 5282.4856737  5323.16102276
  5360.32722284 5390.48937788 5411.72914219 5425.57852972 5432.05798011
  5435.24625162 5440.09339848 5437.58778384 5431.29758614 5425.55084933
  5419.10714293 5414.93908221 5439.77954014 5481.6380869  5531.34680713
  5576.00040295 5626.4440469 ]
 [5217.06432214 5238.13889904 5257.4118633  5296.54308873 5333.55607539
  5365.59257051 5400.13721085 5428.29064123 5446.58882319 5454.81220263
  5456.28004862 5453.17244482 5445.25196386 5436.59195914 5424.94386983
  5414.87226554 5405.42946553 5424.52012496 5464.20297079 5510.64136355
  5555.82856476 5615.30586768]
 [5218.76920332 5241.87832839 5271.11229277 5309.33374081 5342.55616751
  5376.73860205 5414.34652633 5449.98178355 5471.03134368 5479.12198505
  5478.03777513 5470.8592433  5457.7919104  5443.93793042 5432.39030322
  5415.08638055 5399.63376249 5410.48050235 5445.37892589 5490.84102726
  5540.40800807 5609.78150944]
 [5212.75953474 5239.45307015 5271.43183371 5316.47604493 5357.39490599
  5396.19313089 5438.48244347 5473.90608576 5495.65024043 5503.21280386
  5502.29010199 5493.88209478 5480.33692489 5467.29768413 5452.68699892
  5432.82353524 5409.84691183 5410.92792297 5434.53548298 5485.60105155
  5540.48688018 5608.74292205]
 [5196.1903233  5222.45314048 5271.28654525 5331.21253453 5386.17351122
  5430.37200685 5465.97626715 5500.75181183 5520.35292033 5528.89480571
  5530.89420989 5523.79388053 5513.62713932 5507.65712538 5497.84164424
  5471.28527721 5447.02260905 5437.00770558 5457.87522949 5506.90898564
  5562.2318539  5615.03657246]
 [5164.04347177 5218.52131986 5287.65940804 5354.47835644 5418.48394384
  5458.14791863 5487.16837414 5516.58042492 5541.19813907 5555.37940718
  5557.04968388 5556.84558259 5557.53039911 5560.23802266 5554.63039636
  5526.32933652 5496.653739   5484.0355778  5503.54255244 5553.72544016
  5610.55522212 5662.22450827]
 [5141.07235909 5211.86437709 5305.55543576 5382.69280662 5437.1287992
  5472.39000589 5495.90725469 5525.66630231 5554.10979042 5577.89808694
  5590.08937466 5596.53471176 5608.1758471  5614.86379663 5612.2315018
  5587.6032481  5557.79275991 5550.70515883 5568.79602259 5617.81031594
  5667.42918048 5716.17735075]
 [5141.30684074 5221.50659698 5325.56606407 5397.80976515 5445.01702405
  5477.00304414 5500.57124119 5531.73862022 5568.15200811 5596.46344068
  5618.65431109 5637.05822495 5647.47582647 5657.06901457 5653.92521914
  5640.02012873 5625.62835666 5624.28823642 5652.37158156 5689.57944129
  5732.4367487  5774.50947654]
 [5175.0252024  5259.87264218 5351.46982751 5416.70370539 5454.10431498
  5483.35439458 5515.23737748 5548.26704583 5583.09958765 5616.61276334
  5639.10943397 5662.2876868  5672.31170445 5688.64349897 5695.96913314
  5689.28320876 5688.60466826 5698.12632563 5719.56815355 5752.13712238
  5788.30956865 5823.37782697]
 [5220.52819947 5302.70615305 5379.16274332 5432.60238898 5469.68829055
  5502.00575596 5540.75715717 5572.8686958  5600.98372128 5634.50091866
  5657.22204164 5680.31200583 5695.65811281 5713.52016544 5729.06438299
  5737.44660498 5748.10382227 5755.91174836 5772.39227598 5797.00005271
  5826.43893254 5854.08681106]
 [5262.84329263 5340.93379332 5404.00102874 5450.46834528 5484.34787287
  5528.54603453 5569.67305643 5597.58765446 5623.12529485 5649.36328671
  5675.54673332 5701.70503273 5713.7972765  5733.31989872 5754.5032477
  5775.14718382 5789.55772394 5800.76398758 5808.15965494 5824.29320265
  5847.64780005 5869.47259949]
 [5294.08944756 5367.87928536 5429.77115067 5466.55489589 5516.18859803
  5560.47320717 5592.88525293 5619.97272476 5646.98698753 5673.20027327
  5697.74814204 5720.2093717  5736.02174091 5756.78775664 5780.04280395
  5798.55873157 5813.73815881 5827.45926573 5832.08921162 5841.53974487
  5852.85954357 5870.1431802 ]
 [5315.10516248 5392.80439088 5429.59468283 5497.80774011 5548.73130349
  5586.68705624 5617.82305098 5642.98556379 5668.98675083 5694.31492493
  5717.947742   5737.3706746  5759.04630484 5776.80944361 5797.83921249
  5818.42708741 5832.38856178 5843.01505411 5847.22303342 5847.46272988
  5855.44012389 5865.38762769]
 [5321.0761522  5403.97061729 5453.22219951 5523.21548499 5576.62788157
  5610.45706194 5640.76509093 5666.32563488 5689.59742049 5710.03655654
  5732.07321215 5751.80483894 5776.86617067 5793.6187364  5812.44447524
  5831.85325353 5846.27082798 5856.79919533 5860.38616978 5859.52435776
  5857.60687336 5857.73288203]
 [5331.99458324 5410.77806851 5481.10282265 5540.46427024 5592.7169936
  5629.55797905 5660.13403154 5685.05829611 5705.68081172 5724.69951793
  5744.66269183 5762.08358111 5785.70460262 5807.20526388 5824.00163684
  5840.20568934 5853.19021634 5865.49360651 5872.73384303 5872.06760155
  5862.10234862 5861.53094656]
 [5347.27051897 5433.68101606 5501.08294122 5560.20418679 5606.33878821
  5638.90465912 5670.90218498 5696.70509046 5717.48663783 5736.01439566
  5755.75488401 5772.83434851 5792.37103137 5812.25706496 5829.36943298
  5842.74092639 5856.26065515 5867.43576329 5876.48755997 5871.41139073
  5869.37332702 5864.83378857]
 [5372.90193955 5458.79232409 5521.07008369 5571.27420743 5611.92978198
  5641.85959414 5670.77359513 5698.16906231 5722.84133623 5745.6610711
  5764.04838363 5781.67207339 5800.06219648 5816.51772882 5831.51551656
  5843.72685886 5856.33361142 5869.0384374  5876.93905151 5875.81036232
  5875.13371153 5875.60064426]
 [5411.50720692 5477.11645886 5531.86704564 5576.071784   5607.46605215
  5636.85578669 5663.46246773 5694.5528772  5722.39023314 5751.57774236
  5771.90509387 5789.67465132 5805.40219583 5818.90754229 5832.5604403
  5847.2114779  5860.29388556 5870.62543037 5879.08454847 5880.83459625
  5879.3822748  5875.95708741]
 [5441.28623067 5494.68014121 5541.44709767 5580.95373622 5601.66372708
  5631.40280514 5657.41423371 5689.32188592 5720.51890944 5753.0065403
  5776.40954192 5793.20178282 5806.10420054 5823.78540309 5837.74928346
  5855.19515511 5867.63783503 5876.54297562 5881.2745346  5881.66628988
  5879.13273118 5875.945823  ]
 [5469.31880538 5507.75165219 5546.45070649 5580.31474397 5587.04432896
  5612.45587979 5634.18218209 5663.44856363 5704.48918436 5737.83509225
  5766.3958924  5794.91278884 5815.38573045 5828.86793148 5848.80031841
  5864.94054516 5877.5561698  5883.8525308  5885.95080201 5884.92020343
  5881.74233714 5878.08044859]]