[5458.66713969 5537.82531542 5356.01455845 5324.57046757 5225.26935388
 5212.50649811           nan 5285.06287524 5195.20854101 5433.58880137
           nan 5450.94214964 5245.59828255 5370.40881759 5207.06746774
 5483.80343656 5230.7985992  5204.40617513 5286.74452086 5275.99754905
 5305.30308816 5248.66034596 5369.62858082 5453.06896062 5420.73316942
 5385.16618231 5442.32380175 5549.84315118 5344.39508935 5711.16296807
 5337.18610683 5443.85685411 5658.69839307 5465.60887995 5332.68022608
 5394.56707136 5615.07339698 5787.88767204 5330.86144536 5510.58802806
 5817.94505053 5779.09376336 5390.95507599 5798.87329912 5311.68152981
 5666.54272686 5761.67733962 5510.9436786  5333.89980603 5629.96845249
 5812.44328793 5771.17113672 5514.87922601 5463.76520335 5680.98838882
 5569.10581297 5466.48150715 5678.92942707 5666.16900843 5671.02864853
 5532.07538743 5882.97937663 5321.03808354 5821.8375447  5479.1308299
 5639.4095642  5673.65788158 5442.69545493 5427.23485254 5612.9852964
 5777.45500102 5593.63786802 5724.91694625 5727.14980597 5695.42680689
 5526.48356205           nan 5826.27156324 5836.44657072           nan
           nan 5536.97981971 5818.03840563 5759.72275573 5410.04041748
 5757.67510862 5532.74815234 5821.47411557 5871.69032507 5521.97324607
 5777.06062254 5872.11038591 5595.17463371 5589.35198974 5778.58843056
 5851.50698682 5643.8239619  5877.30365775 5635.44699157 5585.17161233
 5620.44202192 5610.09147064 5669.78196552 5326.36096819 5391.19191573
 5322.98676183 5613.77400835 5687.41663049 5707.96400911 5495.29646612
 5475.89860533 5440.51932319 5646.86984426 5763.44834641           nan
 5881.92524037 5712.56162917 5770.78290535 5850.01587855 5423.38856414
 5484.50357886           nan 5867.19095096 5406.21263029 5842.88949563
 5636.31205033 5567.9255498  5473.08126701 5493.54215243 5472.16585796
 5731.7585371  5686.24460326 5342.22841569 5587.17814947 5328.33220618]