[5458.54757323 5538.23208988 5354.22233928 5313.22925857 5219.94563921
 5210.00463375           nan 5285.53526433 5192.18795246 5431.90255843
           nan 5449.75600813 5240.65994715 5369.74537739 5203.42587691
 5482.44140797 5231.27818878 5195.18639477 5278.56324031 5277.35464561
 5309.88421855 5241.22286788 5363.89359039 5452.5478222  5416.23020552
 5384.71172009 5451.57598949 5546.7999141  5336.97516178 5711.44219086
 5329.1673061  5446.19120418 5659.00280666 5471.14975626 5325.83894541
 5392.49628572 5614.10950507 5791.20481654 5322.14253245 5509.58648486
 5824.38850169 5779.07610577 5393.52092546 5802.14736777 5306.22390196
 5669.86191504 5763.64490963 5501.40848174 5325.2424951  5629.06933746
 5813.46525764 5772.72578844 5512.07618428 5462.08037945 5677.1025547
 5560.93939489 5464.20995011 5674.3169767  5663.45119621 5664.45900358
 5538.24853328 5881.81136004 5315.27997718 5823.54051602 5489.62509238
 5622.54918947 5668.09060414 5442.52540169 5424.53314872 5614.22056208
 5776.66542167 5595.09121993 5723.85388585 5726.92777021 5695.31954403
 5527.90214881           nan 5824.24521036 5836.68273252           nan
           nan 5537.24007775 5820.85474009 5759.43730594 5411.79602402
 5757.32438465 5531.5482022  5828.06487232 5871.98719804 5518.82488871
 5778.41519069 5872.40649966 5592.17696027 5596.80457114 5780.20572437
 5855.25980102 5655.57695509 5876.50228854 5637.83551794 5586.6682361
 5626.16663392 5617.23569217 5670.22210864 5317.42521425 5395.90591621
 5314.81857274 5620.06407148 5686.12533153 5707.35980937 5497.93213746
 5476.7046949  5438.98734316 5648.20551234 5765.89389043           nan
 5880.46092254 5712.2309167  5761.73678817 5850.47616522 5418.06043303
 5479.82485371           nan 5870.00217593 5403.65533549 5848.81604219
 5619.39029338 5557.93927096 5458.65298753 5496.43763775 5478.57566098
 5732.41034867 5685.21804533 5338.05675294 5584.98101218 5326.1760762 ]