[5447.90666733 5538.78719679 5353.61881866 5312.41989544 5227.37089397
 5217.66203609           nan 5288.95466795 5201.06306983 5434.02616456
           nan 5449.29596222 5251.49684157 5369.18214744 5212.9959666
 5484.44381565 5230.49544695 5201.64101441 5284.92352247 5280.65517368
 5310.33610232 5240.82863111 5367.74389151 5452.36096416 5419.35579535
 5385.51170696 5448.48684967 5545.67508257 5341.77493239 5712.32182934
 5334.06767538 5443.8626961  5655.34645452 5471.16790873 5330.76778305
 5393.19073333 5613.07404121 5794.42190115 5326.81419498 5505.20355854
 5825.77898699 5777.86893726 5393.30212488 5803.85665588 5310.05686795
 5667.97128449 5765.77135494 5499.80329869 5330.1362182  5630.79707994
 5811.01715664 5774.18686397 5509.2571675  5461.03843374 5686.61943358
 5561.32145477 5463.02052683 5682.11077973 5662.95457199 5664.02435586
 5547.52002743 5883.74803472 5319.9653644  5824.89273087 5490.81785451
 5622.0411631  5672.29008778 5443.25758305 5422.41209816 5618.47803479
 5777.75534667 5597.84767232 5724.47916349 5727.18838188 5695.20791452
 5534.02169076           nan 5824.89659993 5840.35468192           nan
           nan 5539.17363112 5823.87842082 5753.64648387 5412.90153931
 5750.78257412 5529.97728313 5830.54399008 5872.06998715 5518.76411845
 5777.345701   5872.62148065 5589.8528992  5618.6538806  5781.80170033
 5852.81214237 5654.16236245 5877.37314686 5635.92863304 5587.10985145
 5630.36218142 5622.53693925 5671.6340899  5321.79106341 5394.24219749
 5319.09557648 5625.52619912 5684.30735182 5708.90328228 5498.35792159
 5474.15039254 5437.33337752 5643.25169301 5764.86015051           nan
 5879.16202612 5716.54211473 5764.0990508  5851.39287591 5417.09587629
 5477.30626785           nan 5869.43652414 5404.15768083 5846.22591746
 5618.95338451 5558.00415629 5453.86235765 5496.86917608 5479.31562226
 5733.04018119 5675.29788061 5342.35486885 5588.15900862 5330.44815589]