[[[5307.80658867 5281.91764473]
  [5345.03976855 5301.67936328]
  [5364.24743333 5332.93567511]
  ...
  [5820.56281212 5835.31460787]
  [5854.20118384 5896.81722301]
  [5994.24453815 5964.4361651 ]]

 [[5309.58307501 5282.27143644]
  [5327.22393849 5306.29632699]
  [5358.32656086 5332.87213014]
  ...
  [5784.53975659 5759.62975478]
  [5817.56441112 5811.5319055 ]
  [5922.87584362 5878.60856007]]

 [[5277.88514459 5275.51738435]
  [5307.02283772 5304.57940801]
  [5327.85078574 5322.53905035]
  ...
  [5705.7263106  5697.79236347]
  [5782.23796033 5745.37428434]
  [5860.83822458 5804.89411974]]

 ...

 [[5444.5908621  5420.34475248]
  [5493.25097145 5462.17198427]
  [5535.81519892 5506.54807825]
  ...
  [5888.19217558 5909.48511312]
  [5870.67548678 5917.30288903]
  [5846.39584292 5922.30412661]]

 [[5462.86338496 5425.27983372]
  [5503.79460657 5479.96966112]
  [5539.73415741 5518.33886259]
  ...
  [5878.97933197 5917.74105087]
  [5875.12676929 5928.38717535]
  [5812.01302645 5927.66185005]]

 [[5474.50660258 5443.10343193]
  [5507.93881112 5482.78457235]
  [5545.16967415 5521.07015223]
  ...
  [5881.01745399 5926.25466267]
  [5877.64039505 5933.43678203]
  [5830.64577522 5941.13358033]]]