[[5306.46767523 5330.79466997 5348.62953825 5367.7462551  5388.98325213
  5410.89821438 5429.46586427 5444.15858205 5456.59166866 5468.43108184
  5479.39865549 5487.7542147  5500.78766099 5517.67343411 5534.67397241
  5552.03826152 5568.55434406 5582.39997212 5600.24780601 5614.705901
  5623.30338584 5633.41421639]
 [5304.01912646 5324.91913008 5342.96344354 5361.41819511 5381.63990878
  5400.57424767 5418.07134254 5433.09507874 5447.36513477 5456.94903974
  5466.37419263 5474.39849073 5487.37636769 5503.15597788 5516.88514063
  5532.62339938 5549.59766453 5563.3455884  5577.89987418 5595.99465971
  5611.057961   5620.25224675]
 [5294.54351354 5313.70613491 5331.49395011 5350.68164228 5370.52032815
  5390.6718204  5407.61734719 5422.83041619 5435.3476508  5446.04768071
  5454.32060725 5460.8674809  5473.348096   5487.55274513 5499.84372935
  5514.86593425 5531.21773363 5546.58896117 5560.75617193 5578.2705422
  5595.0229624  5612.04698914]
 [5280.51687633 5298.10712313 5317.71609321 5338.51217751 5360.52447142
  5380.29594137 5397.86442346 5412.89429302 5423.45614198 5435.06590023
  5442.64795561 5448.57369199 5460.72447721 5472.4703966  5484.95803049
  5497.74863265 5511.89978982 5527.39819252 5544.10033713 5560.06140905
  5577.41172807 5597.78121078]
 [5269.32957454 5284.44557578 5302.23856883 5325.65048861 5351.44218876
  5370.58642853 5389.53430558 5406.41628041 5416.15931804 5426.49246882
  5435.02521053 5440.70353294 5450.60762596 5461.31804959 5471.13540309
  5482.46172381 5495.85729957 5513.19716186 5530.16224278 5547.79692487
  5564.48475588 5583.34742987]
 [5259.80537648 5273.13633423 5293.67188127 5318.21054606 5342.79591227
  5365.17057476 5387.6224754  5404.37365416 5413.90677012 5423.37764682
  5432.98120901 5438.07654445 5445.36841557 5454.31292057 5462.16995996
  5471.06556469 5484.42354699 5500.98375093 5517.54398672 5536.19225058
  5555.22567205 5573.77846225]
 [5251.67930276 5266.36242877 5286.25938892 5312.43654439 5338.5408418
  5367.73231603 5391.31948378 5407.29943822 5419.30305953 5427.43495709
  5434.74941238 5439.14520879 5445.36838042 5451.14310845 5456.21945852
  5462.74626684 5475.81629148 5490.82344048 5506.31785561 5523.92018954
  5544.78937148 5568.40148673]
 [5249.54714015 5266.58412252 5287.06180076 5312.63325831 5343.66422039
  5376.73073221 5398.74459507 5416.62911894 5430.45461906 5439.17033321
  5443.97293174 5445.48752434 5448.46561088 5453.51822623 5456.53447309
  5461.04929116 5470.75998452 5485.02313424 5501.31746415 5518.60294263
  5540.70627744 5566.00102377]
 [5249.11212817 5272.24260018 5297.38433928 5324.65171406 5356.2573737
  5385.2157139  5410.71164132 5429.66359163 5443.55589535 5453.25601761
  5457.00053374 5457.41032445 5458.89086443 5461.61475461 5462.70209664
  5464.77484518 5472.43223701 5483.38334683 5498.46768528 5517.62445654
  5538.0815721  5565.08174909]
 [5252.84259996 5277.07779709 5305.76645703 5337.30598717 5372.01368125
  5400.20844926 5425.26706169 5445.7089934  5459.18170172 5470.63450296
  5472.06557881 5472.19833755 5472.87297918 5472.63095151 5470.66486803
  5472.47340761 5477.60181016 5484.72688457 5496.55700647 5517.35254719
  5541.68365732 5567.44271834]
 [5256.27240603 5286.58748194 5316.8855863  5352.80674031 5388.03970568
  5417.92601186 5443.84522623 5463.89270102 5478.99097631 5488.22191364
  5490.90557984 5491.09731016 5490.61128524 5488.28538942 5485.51440758
  5485.26388106 5487.31936929 5495.06994728 5506.74958529 5526.18117904
  5548.96254558 5578.09900989]
 [5264.13755481 5295.22899456 5331.289555   5369.92590413 5403.95714182
  5434.51187311 5463.33713736 5485.94242976 5500.83451357 5509.00993387
  5511.47509836 5513.15372973 5514.72706952 5513.39966962 5511.74519618
  5508.1933773  5506.76789    5514.05472735 5526.86746795 5544.61882685
  5564.73124894 5591.97202607]
 [5263.51950212 5293.96589082 5337.33363578 5385.19698812 5418.74028926
  5453.90829375 5487.94780309 5510.45260607 5522.92380623 5531.47517042
  5536.87879927 5539.78603724 5542.14962785 5540.96634046 5539.29165812
  5538.58203512 5538.01429829 5540.56320541 5550.30572712 5568.614795
  5589.70216464 5615.26333717]
 [5256.19343934 5291.08087679 5342.08596925 5396.13407859 5438.62230403
  5477.15580591 5509.80328847 5529.88898414 5542.4020684  5554.39112381
  5562.74070311 5568.69686868 5571.57565537 5571.38400626 5570.80583283
  5572.07855112 5573.91081994 5576.59964761 5585.36424729 5603.17060948
  5624.47312319 5652.24815861]
 [5250.97252553 5297.01884437 5352.99761374 5408.03529141 5458.40319522
  5496.41661026 5527.28640191 5551.12742936 5564.04994904 5578.51519093
  5587.53641529 5596.17003912 5600.50895114 5603.29943729 5605.8797348
  5607.83379128 5610.85750636 5616.27154448 5625.15350257 5641.57110877
  5664.15200415 5691.56838287]
 [5261.20597181 5313.32199602 5370.43424522 5427.5164435  5476.70359292
  5516.93682788 5545.014925   5569.64044812 5586.71296843 5599.74497455
  5611.81842242 5623.43283088 5630.28611196 5634.98904819 5638.65409322
  5642.91841741 5647.52870642 5654.4293127  5663.29345401 5678.20075194
  5700.0773538  5723.42030335]
 [5280.86790763 5334.08080805 5398.6185355  5452.85529882 5501.13766999
  5535.30894828 5563.05119115 5588.51572305 5607.33389536 5620.72691375
  5635.76500752 5648.56638636 5657.61270835 5664.13722097 5669.52519375
  5675.17011392 5680.69400954 5688.86960365 5697.46182236 5711.83374358
  5729.63072907 5749.28930373]
 [5307.66002771 5369.37856369 5428.09739466 5481.090981   5525.15169782
  5553.4889787  5581.99912921 5608.824908   5626.62898575 5641.05783836
  5655.953297   5669.65209158 5681.20079234 5689.95246591 5698.48593861
  5705.65797087 5712.13450897 5719.11353849 5728.99505822 5741.95454315
  5755.0547943  5772.76152124]
 [5340.99034873 5399.32662193 5458.19292205 5508.49889635 5546.30607014
  5574.4765696  5600.54302164 5624.51004017 5643.39553507 5658.83745951
  5674.32183402 5691.23150946 5705.79279332 5716.07043448 5724.81746469
  5732.45320542 5739.4903741  5746.33895954 5755.32067082 5765.92164356
  5777.50423266 5792.54965027]
 [5367.32098762 5426.31764144 5482.90954392 5526.32675958 5563.86247462
  5591.19239405 5614.70147387 5637.1936265  5657.91302396 5674.95320392
  5691.018372   5708.21608554 5723.09943132 5735.86130524 5745.7473747
  5753.45124099 5760.46666676 5766.75647663 5775.55033975 5785.95088638
  5797.17468316 5811.21957147]
 [5389.93277642 5445.58119523 5501.16780671 5538.52084457 5574.99441112
  5606.92407043 5629.43184168 5650.31190862 5670.2697354  5688.40652947
  5705.82621746 5721.76512471 5736.38243282 5748.57088169 5760.07404183
  5771.85799031 5781.4444375  5789.08444406 5797.1581262  5806.49913501
  5814.72744194 5826.36866496]
 [5403.97670451 5459.36619519 5512.1724242  5550.34317433 5585.66969045
  5619.15271128 5640.8361034  5661.55113877 5681.59681599 5700.22048739
  5717.19289059 5732.73417618 5746.75935201 5759.62738749 5773.10422838
  5785.90719297 5797.16113009 5806.86590278 5815.27342273 5820.88795184
  5827.13080416 5838.41562606]
 [5419.84272005 5469.39666253 5521.19963036 5560.89908415 5596.71669161
  5626.37882258 5649.20887529 5670.59407787 5690.80783438 5708.85003108
  5726.4957428  5741.07301529 5756.89069505 5771.6805519  5785.51548802
  5797.18093625 5808.32024778 5818.77418902 5826.5931378  5833.92114918
  5838.87253516 5842.63974059]
 [5433.57534691 5481.63258398 5531.08166582 5568.90625473 5603.2769544
  5631.09631141 5654.17535049 5675.70418127 5696.5248898  5714.52175843
  5732.201663   5748.51069072 5766.11982195 5782.15117755 5796.49815037
  5808.03031205 5818.27679063 5826.98642626 5832.927731   5837.33933274
  5840.88244773 5843.84379593]
 [5449.42562593 5493.76996149 5538.41170427 5575.18695397 5607.49354535
  5635.11044658 5658.1706489  5679.13372086 5700.75174832 5718.38740157
  5737.14817565 5755.56541007 5774.83677019 5790.99314205 5804.19734536
  5815.78271544 5825.52387545 5833.60620414 5838.90942526 5843.81860944
  5848.54305206 5847.13419525]
 [5465.00583994 5507.25285675 5544.38267725 5579.41297473 5611.81369277
  5638.01772517 5660.626181   5679.94926681 5701.56613231 5721.18448957
  5742.20501382 5762.26048676 5782.80965322 5799.32606996 5813.06794755
  5822.95880137 5832.39627196 5839.84068732 5845.84092406 5851.49013971
  5854.32125307 5856.21512261]
 [5480.18287125 5513.57556819 5549.04894623 5583.80103352 5613.24654047
  5636.43112533 5660.3846438  5679.52350596 5700.8587199  5722.35414334
  5746.53798229 5768.28496696 5788.23521865 5807.05447988 5819.41255025
  5829.72354118 5839.23786265 5845.86045659 5851.43484664 5855.62931214
  5858.15717541 5861.91326078]
 [5487.67035866 5521.40941726 5554.66606251 5583.12480681 5608.84698476
  5632.05747915 5654.33880015 5672.76131607 5695.46071351 5721.33643418
  5749.23158428 5773.11512061 5793.82186372 5811.31609233 5825.68205519
  5835.74523641 5844.16971726 5850.5947829  5855.54229084 5859.07337049
  5862.20609929 5864.1056885 ]]