[[5330.53999916 5357.73554654 5376.30224336 5403.29576541 5423.99136845
  5440.35076576 5457.59401542 5472.75534433 5484.5466952  5490.60673418
  5497.30828782 5509.24017242 5527.14265119 5552.00457508 5581.4018833
  5606.75224737 5624.61122956 5638.45685762 5654.59956258 5653.86857229
            nan           nan]
 [5317.51405852 5332.03066359 5345.86662993 5366.17806252 5390.38915955
  5414.9290158  5433.54865832 5454.02516539 5473.07561434 5477.48835751
  5484.65936143 5495.73326439 5513.22420541 5534.87484564 5555.67352937
  5576.92627057 5601.41418731 5616.4836655  5621.54149388 5632.19239361
  5648.08352409 5659.41491804]
 [5292.08436536 5300.63094001 5306.33365287 5332.69756312 5358.68932251
  5384.51923204 5409.15051496 5435.80633203 5452.65072397 5458.07923822
  5467.31771027 5476.91177598 5491.11696789 5508.68779006 5528.46792986
  5547.16072307 5569.31588016 5586.33682848 5596.76042613 5611.48370438
  5628.0548815  5645.56179251]
 [5271.64651265 5277.17330044 5293.08819229 5315.64923696 5342.58203056
  5369.48366879 5390.9279813  5409.42994386 5417.09682743 5430.16900889
  5435.62120388 5444.7657524  5461.85394256 5471.97907532 5491.50875067
  5508.62542206 5519.87583541 5539.397347   5563.64083958 5589.23256391
  5608.76172753 5628.80160516]
 [5258.73659332 5264.26564641 5281.36944733 5304.6256369  5341.34923367
  5369.59654548 5390.30473412 5400.54479016 5395.42492462 5402.3929375
  5411.75095316 5416.85921069 5429.62589962 5446.19439766 5459.74119798
  5470.10389189 5475.43205037 5503.47694833 5536.97286421 5568.46655577
  5594.26293766 5612.3025662 ]
 [5245.33418865 5257.22425973 5276.76487055 5304.1568787  5342.82595438
  5373.40364733 5396.59974069 5404.53185599 5402.10378347 5406.54063632
  5413.59294489 5414.54419238 5423.99968087 5438.90065128 5450.1118025
  5455.78687866 5456.61774339 5472.55394866 5508.04888739 5547.53135489
  5586.80813254 5601.90478171]
 [5237.20811493 5251.89124093 5271.78820108 5300.83036516 5339.03128705
  5377.70704026 5401.29420802 5412.11940206 5414.92126958 5419.88253999
  5424.7368588  5429.16897774 5436.11347639 5442.36959423 5448.69003598
  5449.11771048 5448.5377235  5457.66217112 5498.25360196 5536.80427321
  5577.20117569 5608.05382152]
 [5236.80121926 5252.11293469 5272.59061292 5298.16207048 5342.52725761
  5384.74130824 5408.7193193  5421.96281786 5432.32519473 5439.20448626
  5446.49775297 5451.53704878 5451.58879195 5454.55147236 5455.91399019
  5454.03960873 5450.78959637 5464.57717093 5502.41074098 5541.01730551
  5575.24012305 5605.91393578]
 [5260.07450041 5261.75195217 5282.91315144 5312.969036   5348.31682777
  5380.52571524 5409.00956871 5431.83249068 5446.16544107 5455.73882455
  5461.41087759 5464.62314441 5466.90141582 5461.34046456 5458.51723368
  5456.31972695 5452.38959362 5464.138643   5498.35919346 5533.55514711
  5567.36465682 5597.58305491]
 [5269.89560735 5294.66360526 5321.57522402 5334.75457101 5364.07313533
  5392.26790333 5418.81773452 5445.67457457 5464.3375783  5474.63349124
  5475.888155   5476.55916423 5469.46143282 5463.51602596 5457.62159232
  5454.29846202 5452.23472026 5453.18892492 5485.38534613 5522.02325159
  5558.03197604 5585.26231691]
 [5273.62622032 5304.3963428  5332.63213305 5356.75946822 5381.64149203
  5409.98546593 5435.9046803  5466.1817348  5488.18863829 5494.42231127
  5495.08114484 5492.1047829  5482.88830562 5474.88494007 5466.85090226
  5461.84468966 5452.11905417 5449.05406295 5473.18755992 5510.55289719
  5543.80219267 5568.39563299]
 [5281.74634608 5313.23734821 5349.39219207 5378.5109766  5400.96345866
  5426.57132719 5455.24671869 5489.82919172 5512.133973   5517.25454582
  5516.91959959 5514.48484021 5506.73181287 5499.75436056 5494.44417451
  5480.88577558 5460.30154356 5451.8099592  5478.06143886 5509.07596904
  5538.06614577 5571.04098559]
 [5281.46411078 5312.0685279  5355.43627285 5399.98826292 5423.81036022
  5454.51021586 5484.89305657 5511.01023387 5530.3079269  5540.71093135
  5544.02452089 5542.01156411 5537.23199478 5532.95301506 5525.02900772
  5510.56195064 5487.9853536  5473.97606217 5488.07194076 5529.22767417
  5564.94344631 5597.55304781]
 [5251.40836249 5309.18351386 5360.18860632 5411.03414654 5451.06533917
  5482.94902202 5510.02552901 5528.25140775 5546.65557162 5563.51235844
  5570.87794391 5572.79414813 5577.71134504 5579.73697103 5570.10850551
  5549.58067342 5529.21472341 5521.58306467 5530.1103838  5568.64178772
  5604.09709674 5638.79402601]
 [5191.41018687 5255.58596619 5369.06933519 5420.47832655 5470.84623035
  5502.93760375 5528.5929457  5549.96699747 5565.10818288 5584.59712087
  5594.54423338 5605.01918326 5614.65731502 5620.23933457 5613.72409279
  5594.18109959 5575.52665306 5573.62373636 5585.75199449 5618.57797197
  5656.11105321 5692.78747023]
 [5201.64363315 5253.75965736 5352.69954444 5434.28830916 5486.15283678
  5524.67894772 5547.43163109 5564.19693144 5580.09502818 5598.5969124
  5613.89181291 5632.95215198 5645.96880467 5654.76838644 5648.41320969
  5638.72577096 5627.19923003 5629.55667224 5642.42927691 5674.22878463
  5711.79514017 5746.78610389]
 [5244.11906347 5314.28386587 5395.18300652 5453.57849898 5505.00214098
  5542.26191989 5558.8557961  5570.1681438  5592.65996114 5614.09535003
  5634.02558047 5653.444593   5669.09255684 5680.73321442 5681.86517755
  5678.2238715  5675.91668088 5683.13628496 5693.07790147 5725.91754842
  5759.72042125 5787.59042749]
 [5309.01294231 5389.4102635  5448.62798633 5481.34461256 5523.85910014
  5548.37601143 5558.42868363 5582.87596769 5604.66913228 5630.68611951
  5652.17087633 5669.56540184 5686.60528752 5700.26155684 5711.96606847
  5715.15323074 5720.07490174 5726.97575044 5736.66959134 5760.3625559
  5795.70606417 5821.55505163]
 [5375.67165708 5450.73174989 5487.99714098 5516.77066607 5543.05611138
  5562.2139576  5579.23057233 5603.35767762 5623.13290047 5647.97611643
  5670.4337646  5691.3733176  5705.93663736 5719.21012419 5733.23705006
  5745.96489152 5755.06159763 5761.2004671  5767.7331367  5782.71979619
  5812.05476366 5838.4566313 ]
 [5423.14980723 5486.97172454 5522.1436405  5530.41265671 5553.28488619
  5574.30564516 5596.60873013 5620.84193423 5645.06365961 5667.0914941
  5688.72149877 5708.22253317 5722.39141282 5736.7790135  5752.74176073
  5765.92858241 5776.60200114 5782.91853469 5789.37719745 5797.78088182
  5814.51323801 5851.00326865]
 [5408.35561047 5471.141362   5526.46248707 5525.12653547 5560.30302256
  5595.01271451 5618.54172931 5641.48881212 5663.22448067 5684.76454551
  5704.77467445 5721.62634552 5736.28210716 5748.55888772 5763.81372289
  5780.74438884 5795.81986152 5803.92937093 5809.99100336 5816.89524949
  5824.53079405           nan]
 [5377.09726784 5441.50005963 5495.63156232 5540.43227161 5579.80847312
  5616.45142637 5638.30507621 5659.00223306 5679.94532386 5699.62946499
  5717.54235208 5733.08331664 5748.06103981 5761.11920744 5775.45226065
  5791.97276583 5807.76411488 5820.29739868 5827.08472549 5829.61072813
  5835.48621019           nan]
 [5382.28542883 5445.25161616 5510.0514259  5560.01626411 5598.81412279
  5630.27444779 5654.17580899 5675.26381243 5693.46049375 5710.37122961
  5728.22321329 5741.86213786 5757.38805785 5772.83709995 5787.27660587
  5800.19592898 5814.78963864 5829.45080704 5835.69467853 5842.27655521
  5847.22794119           nan]
 [5397.39978913 5467.01190496 5529.54314315 5573.63648341 5608.39815377
  5637.33802762 5661.58144004 5682.76786297 5701.39775851 5718.21088941
  5735.33910358 5750.24271863 5766.08671082 5780.4700581  5794.55264472
  5806.8863165  5818.10987465 5829.14237004 5838.30785296           nan
            nan           nan]
 [5415.3909746  5491.22523145 5544.95925943 5581.52588853 5613.07633079
  5640.90825647 5664.64374198 5686.635499   5707.09016587 5723.71736419
  5741.76259544 5758.21631663 5775.12908321 5786.82201779 5798.49945738
  5810.72420613 5821.16073818 5830.41208609 5838.31292162 5836.95647487
            nan           nan]
 [5448.71155245 5519.3284222  5556.18691245 5586.66837733 5616.82308248
  5641.49560239 5663.96634402 5684.14713409 5707.94119947 5727.82220569
  5748.109198   5765.79837729 5784.03790556 5793.57934618 5803.74136084
  5814.65915291 5825.71246919 5833.83726085 5838.52174551 5840.97205316
  5841.1708332            nan]
 [5480.77270327 5533.73978682 5567.10864506 5593.87524695 5618.42450182
  5638.71396548 5661.48166745 5681.40354867 5705.66171218 5729.57353893
  5754.58958562 5774.53637568 5790.78653961 5801.36343589 5808.38821481
  5820.35853819 5832.50809077 5839.25508006 5844.16398721 5846.25391491
  5845.21133518 5848.66229484]
 [5509.33242879 5543.09793284 5574.38559867 5598.95622529 5614.89104243
  5629.5909086  5652.56866733 5674.84391682 5700.47393036 5728.68215665
  5758.4972133  5782.61807809 5799.18328996 5807.86481314 5813.80560473
  5829.86514694 5839.88280389 5845.67503432 5848.83233824 5850.317404
  5850.15931444 5851.07603505]]