[[ 2.40723239e+01  2.69408766e+01  2.76727051e+01  3.55495103e+01
   3.50081163e+01  2.94525514e+01  2.81281512e+01  2.85967623e+01
   2.79550265e+01  2.21756523e+01  1.79096323e+01  2.14859577e+01
   2.63549902e+01  3.43311410e+01  4.67279109e+01  5.47139858e+01
   5.60568855e+01  5.60568855e+01  5.43517566e+01  3.91626713e+01
              nan             nan]
 [ 1.34949321e+01  7.11153351e+00  2.90318639e+00  4.75986742e+00
   8.74925077e+00  1.43547681e+01  1.54773158e+01  2.09300866e+01
   2.57104796e+01  2.05393178e+01  1.82851688e+01  2.13347737e+01
   2.58478377e+01  3.17188678e+01  3.87883887e+01  4.43028712e+01
   5.18165228e+01  5.31380771e+01  4.36416197e+01  3.61977339e+01
   3.70255631e+01  3.91626713e+01]
 [-2.45914818e+00 -1.30751949e+01 -2.51602972e+01 -1.79840792e+01
  -1.18310056e+01 -6.15258836e+00  1.53316777e+00  1.29759158e+01
   1.73030732e+01  1.20315575e+01  1.29971030e+01  1.60442951e+01
   1.77688719e+01  2.11350449e+01  2.86242005e+01  3.22947888e+01
   3.80981465e+01  3.97478673e+01  3.60042542e+01  3.32131622e+01
   3.30319191e+01  3.35148034e+01]
 [-8.87036368e+00 -2.09338227e+01 -2.46279009e+01 -2.28629405e+01
  -1.79424409e+01 -1.08122726e+01 -6.93644216e+00 -3.46434915e+00
  -6.35931456e+00 -4.89689134e+00 -7.02675173e+00 -3.80793958e+00
   1.12946535e+00 -4.91321277e-01  6.55072019e+00  1.08767894e+01
   7.97604560e+00  1.19991545e+01  1.95405025e+01  2.91711549e+01
   3.13499995e+01  3.10203944e+01]
 [-1.05929812e+01 -2.01799294e+01 -2.08691215e+01 -2.10248517e+01
  -1.00929551e+01 -9.89883050e-01  7.70428535e-01 -5.87149026e+00
  -2.07343934e+01 -2.40995313e+01 -2.32742574e+01 -2.38443222e+01
  -2.09817263e+01 -1.51236519e+01 -1.13942051e+01 -1.23578319e+01
  -2.04252492e+01 -9.72021353e+00  6.81062142e+00  2.06696309e+01
   2.97781818e+01  2.89551363e+01]
 [-1.44711878e+01 -1.59120745e+01 -1.69070107e+01 -1.40536674e+01
   3.00421128e-02  8.23307257e+00  8.97726529e+00  1.58201836e-01
  -1.18029866e+01 -1.68370105e+01 -1.93882641e+01 -2.35323521e+01
  -2.13687347e+01 -1.54122693e+01 -1.20581575e+01 -1.52786860e+01
  -2.78058036e+01 -2.84298023e+01 -9.49509932e+00  1.13391043e+01
   3.15824605e+01  2.81263195e+01]
 [-1.44711878e+01 -1.44711878e+01 -1.44711878e+01 -1.16061792e+01
   4.90445246e-01  9.97472423e+00  9.97472423e+00  4.81996384e+00
  -4.38178995e+00 -7.55241710e+00 -1.00125536e+01 -9.97623105e+00
  -9.25490403e+00 -8.77351422e+00 -7.52942254e+00 -1.36285564e+01
  -2.72785680e+01 -3.31612694e+01 -8.06425365e+00  1.28840837e+01
   3.24118042e+01  3.96523348e+01]
 [-1.27459209e+01 -1.44711878e+01 -1.44711878e+01 -1.44711878e+01
  -1.13696278e+00  8.01057603e+00  9.97472423e+00  5.33369892e+00
   1.87057567e+00  3.41530581e-02  2.52482123e+00  6.04952444e+00
   3.12318107e+00  1.03324613e+00 -6.20482904e-01 -7.00968243e+00
  -1.99703882e+01 -2.04459633e+01  1.09327683e+00  2.24143629e+01
   3.45338456e+01  3.99129120e+01]
 [ 1.09623722e+01 -1.04906480e+01 -1.44711878e+01 -1.16826781e+01
  -7.94054592e+00 -4.68999867e+00 -1.70207262e+00  2.16889905e+00
   2.60954573e+00  2.48280693e+00  4.41034385e+00  7.21281996e+00
   8.01055139e+00 -2.74290049e-01 -4.18486297e+00 -8.45511823e+00
  -2.00426434e+01 -1.92447038e+01 -1.08491816e-01  1.59306906e+01
   2.92830847e+01  3.25013058e+01]
 [ 1.70530074e+01  1.75858082e+01  1.58087670e+01 -2.55141616e+00
  -7.94054592e+00 -7.94054592e+00 -6.44932717e+00 -3.44188249e-02
   5.15587658e+00  3.99898828e+00  3.82257619e+00  4.36082668e+00
  -3.41154636e+00 -9.11492555e+00 -1.30432757e+01 -1.81749456e+01
  -2.53670899e+01 -3.15379596e+01 -1.11716603e+01  4.67070441e+00
   1.63483187e+01  1.78195986e+01]
 [ 1.73538143e+01  1.78088609e+01  1.57465467e+01  3.95272791e+00
  -6.39821365e+00 -7.94054592e+00 -7.94054592e+00  2.28903378e+00
   9.19766199e+00  6.20039763e+00  4.17556500e+00  1.00747274e+00
  -7.72297962e+00 -1.34004493e+01 -1.86635053e+01 -2.34191914e+01
  -3.52003151e+01 -4.60158843e+01 -3.35620254e+01 -1.56282819e+01
  -5.16035291e+00 -9.70337689e+00]
 [ 1.76087913e+01  1.80083537e+01  1.81026371e+01  8.58507247e+00
  -2.99368316e+00 -7.94054592e+00 -8.09041868e+00  3.88676195e+00
   1.12994594e+01  8.24461195e+00  5.44450123e+00  1.33111048e+00
  -7.99525665e+00 -1.36453091e+01 -1.73010217e+01 -2.73076017e+01
  -4.64663464e+01 -6.22447681e+01 -4.88060291e+01 -3.55428578e+01
  -2.66651032e+01 -2.09310405e+01]
 [ 1.79446087e+01  1.81026371e+01  1.81026371e+01  1.47912748e+01
   5.07007096e+00  6.01922114e-01 -3.05474652e+00  5.57627807e-01
   7.38412068e+00  9.23576092e+00  7.14572162e+00  2.22552688e+00
  -4.91763307e+00 -8.01332540e+00 -1.42626504e+01 -2.80200845e+01
  -5.00289447e+01 -6.65871432e+01 -6.22337864e+01 -3.93871208e+01
  -2.47587183e+01 -1.77102894e+01]
 [-4.78507685e+00  1.81026371e+01  1.81026371e+01  1.49000679e+01
   1.24430351e+01  5.79321611e+00  2.22240546e-01 -1.63757639e+00
   4.25350321e+00  9.12123462e+00  8.13724080e+00  4.09727945e+00
   6.13568967e+00  8.35296477e+00 -6.97327322e-01 -2.24978777e+01
  -4.46960965e+01 -5.50165829e+01 -5.52538635e+01 -3.45288218e+01
  -2.03760264e+01 -1.34541326e+01]
 [-5.95623387e+01 -4.14328782e+01  1.60717215e+01  1.24430351e+01
   1.24430351e+01  6.52099349e+00  1.30654379e+00 -1.16043189e+00
   1.05823384e+00  6.08192994e+00  7.00781809e+00  8.84914414e+00
   1.41483639e+01  1.69398973e+01  7.84435799e+00 -1.36526917e+01
  -3.53308533e+01 -4.26478081e+01 -3.94015081e+01 -2.29931368e+01
  -8.04095094e+00  1.21908735e+00]
 [-5.95623387e+01 -5.95623387e+01 -1.77347008e+01  6.77186566e+00
   9.44924387e+00  7.74211984e+00  2.41670610e+00 -5.44351668e+00
  -6.61794025e+00 -1.14806215e+00  2.07339049e+00  9.51932110e+00
   1.56826927e+01  1.97793383e+01  9.75911647e+00 -4.19264645e+00
  -2.03294764e+01 -2.48726405e+01 -2.08641771e+01 -3.97196731e+00
   1.17177864e+01  2.33658005e+01]
 [-3.67488442e+01 -1.97969422e+01 -3.43552897e+00  7.23200160e-01
   3.86447100e+00  6.95297161e+00 -4.19539505e+00 -1.83475793e+01
  -1.46739342e+01 -6.63156372e+00 -1.73942705e+00  4.87820664e+00
   1.14798485e+01  1.65959934e+01  1.23399838e+01  3.05375758e+00
  -4.77732866e+00 -5.73331869e+00 -4.38392088e+00  1.40838048e+01
   3.00896922e+01  3.83011238e+01]
 [ 1.35291461e+00  2.00316998e+01  2.05305917e+01  2.53631558e-01
  -1.29259768e+00 -5.11296727e+00 -2.35704456e+01 -2.59489403e+01
  -2.19598535e+01 -1.03717189e+01 -3.78242067e+00 -8.66897446e-02
   5.40449518e+00  1.03090909e+01  1.34801299e+01  9.49525988e+00
   7.94039277e+00  7.86221195e+00  7.67453311e+00  1.84080127e+01
   4.06512699e+01  4.87935304e+01]
 [ 3.46813083e+01  5.14051280e+01  2.98042189e+01  8.27176972e+00
  -3.24995877e+00 -1.22626120e+01 -2.13124493e+01 -2.11523625e+01
  -2.02626346e+01 -1.08613431e+01 -3.88806942e+00  1.41808145e-01
   1.43844039e-01  3.13968971e+00  8.41958537e+00  1.35116861e+01
   1.55712235e+01  1.48615076e+01  1.24124659e+01  1.67981526e+01
   3.45505310e+01  4.59069810e+01]
 [ 5.58288196e+01  6.06540831e+01  3.92340966e+01  4.08589713e+00
  -1.05775884e+01 -1.68867489e+01 -1.80927437e+01 -1.63516923e+01
  -1.28493644e+01 -7.86170982e+00 -2.29687324e+00  6.44762905e-03
  -7.08018492e-01  9.17708260e-01  6.99438603e+00  1.24773414e+01
   1.61353344e+01  1.61620581e+01  1.38268577e+01  1.18299954e+01
   1.73385548e+01  3.97836972e+01]
 [ 1.84228341e+01  2.55601668e+01  2.52946804e+01 -1.33943091e+01
  -1.46913886e+01 -1.19113559e+01 -1.08901124e+01 -8.82309650e+00
  -7.04525473e+00 -3.64198396e+00 -1.05154301e+00 -1.38779190e-01
  -1.00325653e-01 -1.19939686e-02  3.73968106e+00  8.88639853e+00
   1.43754240e+01  1.48449269e+01  1.28328772e+01  1.03961145e+01
   9.80335211e+00             nan]
 [-2.68794367e+01 -1.78661356e+01 -1.65408619e+01 -9.91090272e+00
  -5.86121733e+00 -2.70128491e+00 -2.53102719e+00 -2.54890571e+00
  -1.65149213e+00 -5.91022397e-01  3.49461492e-01  3.49140456e-01
   1.30168780e+00  1.49181995e+00  2.34803227e+00  6.06557286e+00
   1.06029848e+01  1.34314959e+01  1.18113028e+01  8.72277629e+00
   8.35540603e+00             nan]
 [-3.75572912e+01 -2.41450464e+01 -1.11482045e+01 -8.82820038e-01
   2.09743118e+00  3.89562521e+00  4.96693370e+00  4.66973455e+00
   2.65265937e+00  1.52119853e+00  1.72747049e+00  7.89122568e-01
   4.97362796e-01  1.15654805e+00  1.76111784e+00  3.01499273e+00
   6.46939086e+00  1.06766180e+01  9.10154073e+00  8.35540603e+00
   8.35540603e+00             nan]
 [-3.61755578e+01 -1.46206790e+01 -1.53852266e+00  4.73022869e+00
   5.12119937e+00  6.24171621e+00  7.40608955e+00  7.06368170e+00
   4.87286870e+00  3.68913098e+00  3.13744058e+00  1.73202791e+00
  -3.31111244e-02 -1.68111945e+00 -1.94550565e+00 -1.14399555e+00
  -1.66915982e-01  2.15594378e+00  5.38012196e+00             nan
              nan             nan]
 [-3.40346513e+01 -2.54473004e+00  6.54755516e+00  6.33893455e+00
   5.58278544e+00  5.79780989e+00  6.47309308e+00  7.50177814e+00
   6.33841755e+00  5.32996262e+00  4.61441979e+00  2.65090656e+00
   2.92313024e-01 -4.17112425e+00 -5.69788798e+00 -5.05850931e+00
  -4.36313726e+00 -3.19411805e+00 -5.96503633e-01 -6.86213456e+00
              nan             nan]
 [-1.62942875e+01  1.20755654e+01  1.18042352e+01  7.25540260e+00
   5.00938971e+00  3.47787722e+00  3.34016302e+00  4.19786728e+00
   6.37506716e+00  6.63771613e+00  5.90418419e+00  3.53789053e+00
   1.22825235e+00 -5.74672379e+00 -9.32658671e+00 -8.29964846e+00
  -6.68380277e+00 -6.00342647e+00 -7.31917855e+00 -1.05180866e+01
  -1.31504199e+01             nan]
 [ 5.89832016e-01  2.01642186e+01  1.80596988e+01  1.00742134e+01
   5.17796135e+00  2.28284015e+00  1.09702365e+00  1.88004271e+00
   4.80299227e+00  7.21939559e+00  8.05160333e+00  6.25140872e+00
   2.55132096e+00 -5.69104399e+00 -1.10243354e+01 -9.36500300e+00
  -6.72977188e+00 -6.60537653e+00 -7.27085942e+00 -9.37539723e+00
  -1.29458402e+01 -1.32509659e+01]
 [ 2.16620701e+01  2.16885156e+01  1.97195362e+01  1.58314185e+01
   6.04405767e+00 -2.46657054e+00 -1.77013282e+00  2.08260075e+00
   5.01321685e+00  7.34572247e+00  9.26562901e+00  9.50295747e+00
   5.36142624e+00 -3.45127919e+00 -1.18764505e+01 -5.88008947e+00
  -4.28691337e+00 -4.91974857e+00 -6.70995261e+00 -8.75596649e+00
  -1.20467848e+01 -1.30296534e+01]]