[[ 4.81275583e+00  2.14524636e+01  3.04075125e+01  4.80726944e+01
   5.51887284e+01  5.90931302e+01  6.52776616e+01  6.91076400e+01
   6.73906248e+01  6.19135613e+01  5.74883879e+01  6.04953607e+01
   6.82992945e+01  8.11927376e+01  1.01423383e+02  1.17190214e+02
   1.27232029e+02  1.35828597e+02  1.45925141e+02  1.33975744e+02
              nan             nan]
 [-1.21366006e+01 -6.55816364e+00 -2.48687764e+00  9.70601472e+00
   2.18980260e+01  3.56053858e+01  4.23560607e+01  5.14458941e+01
   5.72845301e+01  4.99104642e+01  4.62678726e+01  4.83990489e+01
   5.39754038e+01  6.49107421e+01  7.60076646e+01  9.02990262e+01
   1.10934418e+02  1.19381918e+02  1.18168598e+02  1.21312032e+02
   1.29967614e+02  1.33267213e+02]
 [-3.89866915e+01 -3.82368774e+01 -4.28770331e+01 -2.67063350e+01
  -1.08911548e+01  4.88488715e+00  1.67151775e+01  3.18951568e+01
   3.61667971e+01  2.94992707e+01  2.87979440e+01  2.87121289e+01
   3.08363920e+01  3.68081622e+01  4.71400719e+01  6.07706128e+01
   8.08218407e+01  9.38004254e+01  9.98344340e+01  1.07851704e+02
   1.15400433e+02  1.26893813e+02]
 [-5.54354201e+01 -5.87113513e+01 -5.48957546e+01 -4.56430937e+01
  -3.11204140e+01 -1.43334352e+01 -3.46068556e+00  2.30984144e+00
  -2.75618362e+00 -2.17273725e+00 -7.48662368e+00 -8.71308811e+00
  -1.86711729e+00 -1.81695452e+00  8.37426047e+00  2.20665888e+01
   3.11270872e+01  4.93173682e+01  7.00439458e+01  8.87251375e+01
   9.99903065e+01  1.12644258e+02]
 [-6.41751700e+01 -6.80122413e+01 -6.37240517e+01 -5.61090819e+01
  -3.69382860e+01 -1.95069308e+01 -1.11091954e+01 -1.39672372e+01
  -3.17012897e+01 -3.71152994e+01 -4.07104671e+01 -4.33659572e+01
  -3.99247772e+01 -3.28659746e+01 -2.70318119e+01 -1.84295515e+01
  -1.40960474e+01  1.34028986e+01  4.46300906e+01  6.85786510e+01
   8.54114970e+01  9.48057696e+01]
 [-7.48999108e+01 -7.05175845e+01 -6.42956456e+01 -5.46862286e+01
  -3.42499967e+01 -2.10580551e+01 -1.48607410e+01 -2.03847311e+01
  -3.55285738e+01 -4.42794834e+01 -4.85973025e+01 -5.39785172e+01
  -5.38461710e+01 -4.66340993e+01 -4.18081325e+01 -3.72945350e+01
  -3.48819585e+01 -1.92540484e+01  1.51631862e+01  5.00240621e+01
   7.78109853e+01  8.26238907e+01]
 [-8.43547620e+01 -7.70130029e+01 -6.72672267e+01 -5.60044730e+01
  -3.72578283e+01 -2.13634974e+01 -1.72760566e+01 -2.12685470e+01
  -3.40537514e+01 -4.05830329e+01 -4.55906962e+01 -4.73728250e+01
  -4.88309598e+01 -5.05130908e+01 -4.96628927e+01 -5.09448365e+01
  -4.84658754e+01 -3.78783725e+01  1.97658147e+00  3.71540253e+01
   6.52372975e+01  8.17036830e+01]
 [-8.99945052e+01 -8.25234912e+01 -7.01495875e+01 -6.14714884e+01
  -4.21964778e+01 -2.49167939e+01 -1.86796069e+01 -2.06644860e+01
  -2.42739535e+01 -2.75132192e+01 -2.86376915e+01 -3.10411188e+01
  -3.81663069e+01 -4.27874576e+01 -4.67858481e+01 -5.07313081e+01
  -5.28315808e+01 -3.76086992e+01  4.72040803e-03  3.32819391e+01
   5.39070888e+01  6.77991677e+01]
 [-6.45920900e+01 -7.70675721e+01 -7.14400735e+01 -5.96096600e+01
  -4.88398010e+01 -3.83723405e+01 -2.79715648e+01 -2.12425671e+01
  -1.91618353e+01 -1.93484479e+01 -2.29888541e+01 -2.66132412e+01
  -3.15409537e+01 -4.52712252e+01 -5.27735312e+01 -5.75375773e+01
  -6.29391119e+01 -5.05792525e+01 -1.62484899e+01  1.30843201e+01
   3.53725479e+01  4.76938006e+01]
 [-5.51617966e+01 -4.50498706e+01 -4.03614168e+01 -5.06881536e+01
  -4.87477489e+01 -4.04244237e+01 -3.02258288e+01 -1.94415992e+01
  -1.25512749e+01 -1.34552143e+01 -1.96835340e+01 -2.60992203e+01
  -4.02215824e+01 -5.31069929e+01 -6.47036565e+01 -7.29979032e+01
  -7.72444961e+01 -7.61444393e+01 -4.44615894e+01 -1.60096660e+01
   7.38336843e+00  1.80943049e+01]
 [-5.07291380e+01 -4.18367025e+01 -3.74269242e+01 -4.12436836e+01
  -4.46272751e+01 -3.71525727e+01 -2.89971718e+01 -1.43051044e+01
  -4.89657621e+00 -8.76733492e+00 -1.64072639e+01 -2.65235181e+01
  -4.17976815e+01 -5.63934993e+01 -7.15633586e+01 -8.31060163e+01
  -9.63111817e+01 -1.03147399e+02 -8.03664794e+01 -4.90584383e+01
  -2.78478204e+01 -1.88953094e+01]
 [-5.41676933e+01 -4.08097112e+01 -2.92148300e+01 -3.05292960e+01
  -3.66841765e+01 -3.45569195e+01 -2.61820448e+01 -8.90636890e+00
   7.92695027e-01 -2.95651495e+00 -1.14352465e+01 -2.10648593e+01
  -3.68513579e+01 -5.20756246e+01 -6.50948262e+01 -8.47655589e+01
  -1.13433796e+02 -1.25763193e+02 -1.03509445e+02 -7.91801912e+01
  -5.97373931e+01 -3.97834734e+01]
 [-7.22837435e+01 -5.42502863e+01 -3.38895112e+01 -1.87440747e+01
  -2.51873920e+01 -2.32565682e+01 -1.80456714e+01 -9.55348083e+00
  -3.49975628e-01  2.00445932e+00 -3.69419262e+00 -1.36202852e+01
  -2.75397483e+01 -3.94300271e+01 -5.53696383e+01 -7.87541376e+01
  -1.09873450e+02 -1.29422952e+02 -1.20209698e+02 -8.54165864e+01
  -5.62792986e+01 -3.30356713e+01]
 [-1.20068926e+02 -7.30584366e+01 -4.57910081e+01 -2.45742662e+01
  -1.55673542e+01 -1.53648392e+01 -1.28125007e+01 -1.06601744e+01
  -1.79701406e+00  5.68164486e+00  3.90828183e+00 -3.52573583e+00
  -7.46404764e+00 -1.37541436e+01 -3.14955946e+01 -6.10428898e+01
  -8.89100747e+01 -1.03525247e+02 -9.91445796e+01 -6.62708617e+01
  -3.39238883e+01 -5.74349212e+00]
 [-1.97370548e+02 -1.44351494e+02 -6.05490380e+01 -3.58317300e+01
  -1.48149738e+01 -1.52419443e+01 -1.31429958e+01 -9.49994238e+00
  -3.02112191e+00  5.55048631e+00  8.67135127e+00  9.47846499e+00
   1.07873126e+01  7.84820524e+00 -6.28267515e+00 -3.36286500e+01
  -5.96940751e+01 -6.67771523e+01 -5.90711184e+01 -3.01407841e+01
   2.01936130e+00  2.98353053e+01]
 [-2.08230806e+02 -1.70302376e+02 -9.89159518e+01 -4.85431677e+01
  -2.20538438e+01 -1.56336976e+01 -1.58451412e+01 -1.62323439e+01
  -1.09605560e+01 -1.36227784e-01  7.63350766e+00  1.68261372e+01
   2.33110495e+01  2.48813303e+01  1.14532472e+01 -5.46370069e+00
  -2.40450593e+01 -2.68115051e+01 -1.75532991e+01  1.10193690e+01
   4.21409042e+01  7.20331529e+01]
 [-1.84973330e+02 -1.35478757e+02 -8.55688908e+01 -5.78199458e+01
  -3.13275401e+01 -1.98968580e+01 -2.54125138e+01 -3.11572970e+01
  -2.00518117e+01 -5.82829209e+00  4.95710532e+00  1.74623065e+01
   2.56835831e+01  3.24993425e+01  2.72240851e+01  1.74229374e+01
   8.42838739e+00  1.05256048e+01  1.83911891e+01  4.76503373e+01
   7.78733803e+01  1.00085025e+02]
 [-1.35750252e+02 -9.23355656e+01 -5.83420099e+01 -5.38218853e+01
  -3.62414864e+01 -3.38843942e+01 -4.61634436e+01 -3.89339079e+01
  -2.70761475e+01 -9.83624422e+00  3.52303934e+00  1.43903340e+01
   2.42543110e+01  3.29735166e+01  3.85236549e+01  3.63790888e+01
   3.65013608e+01  4.04867320e+01  4.72717771e+01  6.76793678e+01
   1.01845350e+02  1.22461263e+02]
 [-9.49013348e+01 -5.10435936e+01 -4.37358446e+01 -3.91397964e+01
  -3.48962564e+01 -3.76146360e+01 -4.00084724e+01 -3.10545100e+01
  -2.37598003e+01 -9.46915720e+00  3.62778315e+00  1.49375738e+01
   2.26779535e+01  3.16744192e+01  4.07251162e+01  4.92224957e+01
   5.40648132e+01  5.78034208e+01  6.22594694e+01  7.63620656e+01
   1.05125748e+02  1.26661342e+02]
 [-6.73102526e+01 -3.01851202e+01 -2.37099843e+01 -3.39190430e+01
  -3.49694029e+01 -3.39022367e+01 -2.99268649e+01 -2.21602850e+01
  -1.32284490e+01 -3.65836284e+00  6.56578426e+00  1.60143475e+01
   2.36349423e+01  3.36821564e+01  4.50790645e+01  5.42982553e+01
   6.12131398e+01  6.43876550e+01  6.95235459e+01  7.71105556e+01
   9.26149058e+01  1.28010649e+02]
 [-9.77303592e+01 -5.68428672e+01 -2.19086247e+01 -4.46378256e+01
  -3.28129667e+01 -2.00718380e+01 -1.45156308e+01 -8.61348144e+00
  -3.02368803e+00  4.01319787e+00  1.10338197e+01  1.74487062e+01
   2.54323184e+01  3.26992262e+01  4.32064469e+01  5.40785435e+01
   6.30716693e+01  6.66999654e+01  6.91335928e+01  7.47763282e+01
   8.48662035e+01             nan]
 [-1.39474691e+02 -9.22890258e+01 -5.62528650e+01 -3.29687621e+01
  -1.71095073e+01 -3.94169120e+00  4.13744229e-01  3.51164168e+00
   6.88501107e+00  1.12262252e+01  1.63215733e+01  2.08489771e+01
   2.71755606e+01  3.29553379e+01  3.91518645e+01  4.79223127e+01
   5.61381186e+01  6.24803920e+01  6.55911435e+01  6.83168614e+01
   7.48807612e+01             nan]
 [-1.39997766e+02 -9.16627568e+01 -4.51621046e+01 -1.71439750e+01
  -3.50433555e+00  7.30084932e+00  1.18074795e+01  1.47901682e+01
   1.55371706e+01  1.74910177e+01  2.10360956e+01  2.34712455e+01
   2.63501873e+01  3.06680767e+01  3.51868313e+01  3.93645115e+01
   4.59143380e+01  5.32688401e+01  5.52301514e+01  5.99260548e+01
   6.45447898e+01             nan]
 [-1.29920251e+02 -7.44040669e+01 -3.01897548e+01 -6.89830477e+00
   3.02584029e+00  1.21198423e+01  1.66283294e+01  2.02530495e+01
   2.09379377e+01  2.28251955e+01  2.49112684e+01  2.57756684e+01
   2.62188539e+01  2.61342211e+01  2.80789769e+01  3.08383356e+01
   3.36986454e+01  3.76123936e+01  4.24783814e+01             nan
              nan             nan]
 [-1.16956591e+02 -5.42467774e+01 -1.91422393e+01 -3.14137252e+00
   5.68606495e+00  1.28945339e+01  1.76530917e+01  2.32911548e+01
   2.53811448e+01  2.67814631e+01  2.79783360e+01  2.76595838e+01
   2.63779419e+01  2.27113997e+01  2.17186962e+01  2.41483593e+01
   2.62673363e+01  2.85626838e+01  3.18415721e+01  2.57074698e+01
              nan             nan]
 [-8.70356214e+01 -3.02643873e+01 -1.14207506e+01  3.64037409e-01
   7.48114905e+00  1.10391659e+01  1.54954627e+01  2.13006675e+01
   2.68830131e+01  2.97537236e+01  3.09187973e+01  2.89952284e+01
   2.71720468e+01  2.03091507e+01  1.77494076e+01  1.99157392e+01
   2.25091845e+01  2.43639435e+01  2.39165105e+01  2.11652605e+01
   1.91444439e+01             nan]
 [-5.70044377e+01 -1.78041854e+01 -1.48473354e+00  7.18412613e+00
   7.01583843e+00  9.75319744e+00  1.40166209e+01  1.94765905e+01
   2.68350268e+01  3.20137593e+01  3.47129092e+01  3.25996610e+01
   2.76899753e+01  2.01462002e+01  1.64025985e+01  1.93955398e+01
   2.32290224e+01  2.45341591e+01  2.48657350e+01  2.33524946e+01
   2.02229126e+01  1.87038369e+01]
 [-2.74699823e+01 -1.01515628e+01  3.76109287e+00  1.13623698e+01
   6.09552235e+00  2.67591630e+00  6.19809347e+00  1.51984291e+01
   2.40706458e+01  3.25652052e+01  3.74575265e+01  3.67485465e+01
   3.01401856e+01  2.27348733e+01  1.64361034e+01  2.41498777e+01
   2.72998488e+01  2.79419433e+01  2.68448460e+01  2.53091586e+01
   2.19662636e+01  1.99704172e+01]]