[[-1.92595681e+01 -5.48841300e+00  2.73480740e+00  1.25231841e+01
   2.01806121e+01  2.96405788e+01  3.71495105e+01  4.05108777e+01
   3.94355983e+01  3.97379090e+01  3.95787556e+01  3.90094030e+01
   4.19443043e+01  4.68615967e+01  5.46954723e+01  6.24762286e+01
   7.11751437e+01  7.97717118e+01  9.15733849e+01  9.48130726e+01
   9.47441015e+01  9.48780948e+01]
 [-2.56315327e+01 -1.36696971e+01 -5.39006402e+00  4.94614731e+00
   1.31487752e+01  2.12506177e+01  2.68787449e+01  3.05158074e+01
   3.15740505e+01  2.93711464e+01  2.79827038e+01  2.70642752e+01
   2.81275661e+01  3.31918743e+01  3.72192759e+01  4.59961550e+01
   5.91178955e+01  6.62438413e+01  7.45269784e+01  8.51142984e+01
   9.29420510e+01  9.41045415e+01]
 [-3.65275433e+01 -2.51616825e+01 -1.77167359e+01 -8.72225586e+00
   9.39850788e-01  1.10374755e+01  1.51820097e+01  1.89192410e+01
   1.88637239e+01  1.74677131e+01  1.58008410e+01  1.26678338e+01
   1.30675201e+01  1.56731173e+01  1.85158714e+01  2.84758239e+01
   4.27236942e+01  5.40525581e+01  6.38301798e+01  7.46385421e+01
   8.23685144e+01  9.33790096e+01]
 [-4.65650564e+01 -3.77775286e+01 -3.02678537e+01 -2.27801531e+01
  -1.31779732e+01 -3.52116263e+00  3.47575660e+00  5.77419059e+00
   3.60313094e+00  2.72415408e+00 -4.59871954e-01 -4.90514853e+00
  -2.99658264e+00 -1.32563325e+00  1.82354028e+00  1.11897994e+01
   2.31510416e+01  3.73182137e+01  5.05034434e+01  5.95539827e+01
   6.86403070e+01  8.16238637e+01]
 [-5.35821888e+01 -4.78323119e+01 -4.28549302e+01 -3.50842302e+01
  -2.68453310e+01 -1.85170477e+01 -1.18796239e+01 -8.09574690e+00
  -1.09668963e+01 -1.30157681e+01 -1.74362097e+01 -1.95216350e+01
  -1.89430509e+01 -1.77423227e+01 -1.56376068e+01 -6.07171955e+00
   6.32920176e+00  2.31231121e+01  3.78194691e+01  4.79090201e+01
   5.56333152e+01  6.58506333e+01]
 [-6.04287230e+01 -5.46055100e+01 -4.73886349e+01 -4.06325613e+01
  -3.42800388e+01 -2.92911277e+01 -2.38380063e+01 -2.05429330e+01
  -2.37255871e+01 -2.74424729e+01 -2.92090384e+01 -3.04461651e+01
  -3.24774363e+01 -3.12218300e+01 -2.97499750e+01 -2.20158489e+01
  -7.07615488e+00  9.17575390e+00  2.46582855e+01  3.86849578e+01
   4.62285248e+01  5.44975713e+01]
 [-6.98835742e+01 -6.25418151e+01 -5.27960388e+01 -4.43982938e+01
  -3.77482736e+01 -3.13382216e+01 -2.72507808e+01 -2.60885109e+01
  -2.96719614e+01 -3.30306158e+01 -3.55781427e+01 -3.73965939e+01
  -3.95760557e+01 -4.17395766e+01 -4.21334702e+01 -3.73162802e+01
  -2.11873075e+01 -4.71710315e+00  1.00408351e+01  2.42699416e+01
   3.28254933e+01  4.20513482e+01]
 [-7.72485843e+01 -6.80523033e+01 -5.56783997e+01 -4.70003005e+01
  -4.10595150e+01 -3.29273699e+01 -2.86543311e+01 -2.59981850e+01
  -2.61445291e+01 -2.75473723e+01 -3.11625128e+01 -3.70906433e+01
  -4.12894879e+01 -4.38207038e+01 -4.61653652e+01 -4.37216257e+01
  -3.28611927e+01 -1.71627358e+01 -1.08855643e+00  1.08675763e+01
   1.93732432e+01  2.78862557e+01]
 [-7.55544622e+01 -6.65769241e+01 -5.69688856e+01 -4.79269819e+01
  -4.08992551e+01 -3.36823418e+01 -2.62694922e+01 -2.34114661e+01
  -2.17713811e+01 -2.18312548e+01 -2.73991979e+01 -3.38260612e+01
  -3.95515051e+01 -4.49969351e+01 -4.85886683e+01 -4.90824591e+01
  -4.28964686e+01 -3.13345487e+01 -1.61399981e+01 -2.84637042e+00
   6.08946321e+00  1.51924948e+01]
 [-7.22148040e+01 -6.26356788e+01 -5.61701838e+01 -4.81367374e+01
  -4.08072030e+01 -3.24838778e+01 -2.37765016e+01 -1.94071803e+01
  -1.77071515e+01 -1.74542026e+01 -2.35061102e+01 -3.04600470e+01
  -3.68100360e+01 -4.39920673e+01 -5.16603807e+01 -5.48229577e+01
  -5.18774062e+01 -4.46064796e+01 -3.32899291e+01 -2.06803704e+01
  -8.96495029e+00  2.74706374e-01]
 [-6.80829522e+01 -5.96455634e+01 -5.31734710e+01 -4.51964116e+01
  -3.82290615e+01 -2.92120268e+01 -2.10566258e+01 -1.65941382e+01
  -1.40942382e+01 -1.49677326e+01 -2.05828289e+01 -2.75309908e+01
  -3.40747019e+01 -4.29930499e+01 -5.28998533e+01 -5.96868249e+01
  -6.11108665e+01 -5.71315145e+01 -4.68044541e+01 -3.34301564e+01
  -2.26874675e+01 -9.19193250e+00]
 [-7.17764846e+01 -5.88180648e+01 -4.73174671e+01 -3.91143685e+01
  -3.36904934e+01 -2.66163736e+01 -1.80916261e+01 -1.27931309e+01
  -1.05067644e+01 -1.12011269e+01 -1.68797477e+01 -2.23959698e+01
  -2.88561012e+01 -3.84303155e+01 -4.77938046e+01 -5.74579572e+01
  -6.69674497e+01 -6.35184250e+01 -5.47034157e+01 -4.36373334e+01
  -3.30722899e+01 -1.88524329e+01]
 [-9.02283521e+01 -7.23529233e+01 -5.19921483e+01 -3.35353495e+01
  -3.02574629e+01 -2.38584903e+01 -1.49909249e+01 -1.01111086e+01
  -7.73409630e+00 -7.23130160e+00 -1.08399142e+01 -1.58458121e+01
  -2.26221152e+01 -3.14167017e+01 -4.11069879e+01 -5.07340531e+01
  -5.98445052e+01 -6.28358084e+01 -5.79759121e+01 -4.60294655e+01
  -3.15205802e+01 -1.53253819e+01]
 [-1.15283849e+02 -9.11610737e+01 -6.38936452e+01 -3.94743342e+01
  -2.80103893e+01 -2.11580553e+01 -1.30347412e+01 -9.02259801e+00
  -6.05051727e+00 -3.43958976e+00 -4.22895897e+00 -7.62301527e+00
  -1.35997373e+01 -2.21071084e+01 -3.07982673e+01 -3.85450121e+01
  -4.42139782e+01 -4.85086641e+01 -4.38907161e+01 -3.17420399e+01
  -1.35478619e+01  7.71064048e+00]
 [-1.37808209e+02 -1.02918616e+02 -7.66207595e+01 -4.82747651e+01
  -2.72580089e+01 -2.17629378e+01 -1.44495396e+01 -8.33951049e+00
  -4.07935575e+00 -5.31443634e-01  1.66353318e+00  6.29320851e-01
  -3.36105131e+00 -9.09169204e+00 -1.41270331e+01 -1.99759583e+01
  -2.43632218e+01 -2.41293442e+01 -1.96696103e+01 -7.14764729e+00
   1.00603122e+01  2.86162180e+01]
 [-1.48668468e+02 -1.10740038e+02 -8.11812510e+01 -5.53150333e+01
  -3.15030877e+01 -2.33758174e+01 -1.82618473e+01 -1.07888272e+01
  -4.34261572e+00  1.01183437e+00  5.56011717e+00  7.30681605e+00
   7.62835679e+00  5.10199201e+00  1.69413069e+00 -1.27105423e+00
  -3.71558288e+00 -1.93886461e+00  3.31087801e+00  1.49913363e+01
   3.04231179e+01  4.86673523e+01]
 [-1.48224486e+02 -1.15681815e+02 -8.21333618e+01 -5.85431459e+01
  -3.51920111e+01 -2.68498296e+01 -2.12171187e+01 -1.28097177e+01
  -5.37787745e+00  8.03271637e-01  6.69653237e+00  1.25840998e+01
   1.42037346e+01  1.59033490e+01  1.48841013e+01  1.43691799e+01
   1.32057161e+01  1.62589235e+01  2.27751100e+01  3.35665325e+01
   4.77836881e+01  6.17839014e+01]
 [-1.37103167e+02 -1.12367265e+02 -7.88726015e+01 -5.40755169e+01
  -3.49488888e+01 -2.87714269e+01 -2.25929980e+01 -1.29849676e+01
  -5.11629405e+00  5.35474633e-01  7.30546001e+00  1.44770237e+01
   1.88498158e+01  2.26644257e+01  2.50435250e+01  2.68838289e+01
   2.85609681e+01  3.26245201e+01  3.95972439e+01  4.92713551e+01
   6.11940804e+01  7.36677326e+01]
 [-1.29582643e+02 -1.02448722e+02 -7.35400635e+01 -4.74115662e+01
  -3.16462977e+01 -2.53520240e+01 -1.86960231e+01 -9.90214741e+00
  -3.49716575e+00  1.39218588e+00  7.51585257e+00  1.47957657e+01
   2.25341095e+01  2.85347295e+01  3.23055308e+01  3.57108096e+01
   3.84935896e+01  4.29419132e+01  4.98470035e+01  5.95639130e+01
   7.05752170e+01  8.07543610e+01]
 [-1.23139072e+02 -9.08392033e+01 -6.29440809e+01 -3.80049401e+01
  -2.43918145e+01 -1.70154878e+01 -1.18341212e+01 -5.80859269e+00
  -3.79084651e-01  4.20334697e+00  8.86265750e+00  1.60078999e+01
   2.43429608e+01  3.27644482e+01  3.80846785e+01  4.18209138e+01
   4.50778054e+01  4.82255970e+01  5.56966882e+01  6.52805602e+01
   7.52763509e+01  8.82269517e+01]
 [-1.16153193e+02 -8.24030339e+01 -4.72033051e+01 -3.12435165e+01
  -1.81215782e+01 -8.16048206e+00 -3.62551842e+00  2.09615063e-01
   4.02156670e+00  7.65518183e+00  1.20853627e+01  1.75874854e+01
   2.55326441e+01  3.27112202e+01  3.94667658e+01  4.51921449e+01
   4.86962452e+01  5.18550386e+01  5.63007156e+01  6.43802137e+01
   7.50628513e+01  8.59351998e+01]
 [-1.12595255e+02 -7.44228903e+01 -3.97120031e+01 -2.30578594e+01
  -1.12482900e+01 -1.24040629e+00  2.94477141e+00  6.06054739e+00
   8.53650320e+00  1.18172476e+01  1.59721118e+01  2.04998366e+01
   2.58738728e+01  3.14635179e+01  3.68038323e+01  4.18567399e+01
   4.55351338e+01  4.90488961e+01  5.37798407e+01  5.95940851e+01
   6.65253552e+01  7.78664173e+01]
 [-1.02440475e+02 -6.75177105e+01 -3.40139001e+01 -1.62611550e+01
  -5.60176673e+00  3.40522411e+00  6.84054583e+00  1.01204337e+01
   1.28845113e+01  1.59698192e+01  1.93086251e+01  2.26821229e+01
   2.58528246e+01  2.95115286e+01  3.34257134e+01  3.63495187e+01
   3.94449472e+01  4.25922221e+01  4.61286107e+01  5.15706488e+01
   5.61893837e+01  6.20760038e+01]
 [-9.37446928e+01 -5.97833879e+01 -2.86512322e+01 -1.16285335e+01
  -2.09535908e+00  5.87812606e+00  9.22223987e+00  1.31893678e+01
   1.60650690e+01  1.91360645e+01  2.17738279e+01  2.40436405e+01
   2.62519651e+01  2.78153406e+01  3.00244825e+01  3.19823311e+01
   3.38655614e+01  3.54564498e+01  3.70982594e+01  3.80904632e+01
   3.85063675e+01  3.86322685e+01]
 [-8.29219397e+01 -5.17020473e+01 -2.56897944e+01 -9.48030707e+00
   1.03279511e-01  7.09672397e+00  1.11799986e+01  1.57893766e+01
   1.90427273e+01  2.14515005e+01  2.33639162e+01  2.50086772e+01
   2.60856289e+01  2.68825239e+01  2.74165842e+01  2.92068686e+01
   3.06304735e+01  3.17568018e+01  3.24380757e+01  3.25696044e+01
   3.30587166e+01  2.70689250e+01]
 [-7.07413339e+01 -4.23399528e+01 -2.32249858e+01 -6.89136519e+00
   2.47175934e+00  7.56128870e+00  1.21552997e+01  1.71028002e+01
   2.05079460e+01  2.31160075e+01  2.50146131e+01  2.54573378e+01
   2.59437944e+01  2.60558745e+01  2.70759944e+01  2.82153877e+01
   2.91929873e+01  3.03673700e+01  3.12356890e+01  3.16833471e+01
   3.22948638e+01  3.01843536e+01]
 [-5.75942698e+01 -3.79684041e+01 -1.95444324e+01 -2.89008730e+00
   1.83787708e+00  7.47035729e+00  1.29195972e+01  1.75965478e+01
   2.20320346e+01  2.47943637e+01  2.66613059e+01  2.63482522e+01
   2.51386544e+01  2.58372442e+01  2.74269339e+01  2.87605428e+01
   2.99587943e+01  3.11395357e+01  3.21365944e+01  3.27278918e+01
   3.31687528e+01  3.19548029e+01]
 [-4.91320524e+01 -3.18400784e+01 -1.59584433e+01 -4.46904868e+00
   5.14646866e-02  5.14248685e+00  7.96822629e+00  1.31158283e+01
   1.90574289e+01  2.52194827e+01  2.81918974e+01  2.72455891e+01
   2.47787594e+01  2.61861525e+01  2.83125538e+01  3.00299672e+01
   3.15867621e+01  3.28616919e+01  3.35547986e+01  3.40651251e+01
   3.40130484e+01  3.30000706e+01]]