[[5304.29106046 5337.52480763 5362.62269766 5398.27420089 5426.02975611
  5450.67572515 5473.34383966 5491.4195378  5503.82311856 5510.61134935
  5516.50431102 5527.52264132 5545.67833309 5571.74990893 5603.76846861
  5632.26292579 5656.30180489 5678.75584021 5704.66353836 5709.12026407
            nan           nan]
 [5290.15801567 5310.94086414 5331.39815735 5360.8142665  5392.15755866
  5423.04936604 5445.37749521 5468.72393821 5489.43130218 5492.83898663
  5498.47397923 5508.29754618 5525.14344592 5548.00344331 5570.15686282
  5597.10755745 5631.55578914 5654.0089525  5666.62834836 5685.54612315
  5707.36173597 5721.10248623]
 [5261.22202263 5276.22622143 5288.42075686 5322.54591087 5355.88401802
  5388.38090891 5415.56087729 5444.92321107 5462.66731881 5467.39696772
  5475.22505606 5482.38011912 5495.4005415  5513.09348247 5534.42424694
  5560.5345205  5593.70248736 5620.4312637  5638.90895968 5661.49878243
  5683.94450048 5707.37189867]
 [5236.96551522 5248.05420176 5270.3512102  5299.11388656 5332.61893204
  5365.15255397 5391.2195501  5411.14801927 5418.01860471 5430.70122564
  5434.44795584 5440.14374095 5456.92985788 5467.59916422 5489.05426125
  5514.17382397 5535.63546729 5567.12233936 5600.32679401 5631.4621775
  5656.47963567 5683.05620841]
 [5218.4701069  5229.94206417 5252.35271354 5281.24383555 5322.55784017
  5355.89274434 5380.68389997 5392.78100016 5386.61855153 5392.96753918
  5399.09673634 5402.27383048 5414.27266981 5431.53108419 5447.55611459
  5466.75010078 5482.70974492 5522.79405399 5566.05276403 5602.98993297
  5632.04236959 5653.70746803]
 [5195.85206393 5217.24198152 5242.88846343 5274.96266875 5317.09668179
  5350.66412434 5376.80892873 5386.75925679 5383.65865658 5386.03359512
  5391.49595286 5391.16219944 5398.44544555 5414.6976192  5428.68807713
  5442.4349266  5455.16440476 5482.27884681 5527.98216199 5575.05980998
  5616.29520402 5633.34425681]
 [5173.91011779 5200.59788043 5231.3091575  5265.97517191 5307.85905877
  5350.02459044 5376.07268925 5388.30705651 5389.57391342 5392.69643074
  5396.03628799 5398.68847066 5403.67664674 5409.99672017 5418.54212048
  5425.17872486 5436.89950794 5457.67102043 5507.28733088 5553.40152936
  5596.00616655 5628.80102515]
 [5159.07168867 5187.90730518 5222.81583661 5257.47897666 5305.85346835
  5352.5411096  5380.39640808 5396.07240541 5406.78919177 5413.10119306
  5418.09511377 5419.32348101 5416.54711877 5418.99088223 5421.723033
  5424.15897605 5429.91926575 5455.15784331 5502.62646231 5547.17311088
  5583.79419341 5615.48802814]
 [5178.53242082 5192.28883546 5225.9124983  5267.00158622 5309.65339202
  5348.08679476 5381.58891589 5407.06368078 5422.35359103 5431.8740071
  5434.35698878 5433.6593646  5432.30419465 5424.10864057 5421.75004645
  5422.27044563 5424.74022616 5445.3766198  5488.75959964 5530.01882438
  5566.50454565 5597.92885112]
 [5187.38519227 5224.65902857 5261.49288131 5285.74770296 5324.26655621
  5360.15882015 5393.95288251 5423.62398909 5442.98280561 5453.10537517
  5450.89958915 5447.53717035 5436.75342952 5427.17033511 5419.11701707
  5417.06813584 5419.77114369 5427.56440469 5467.16922166 5509.39247221
  5549.32874745 5579.11429902]
 [5191.16635908 5233.61058518 5271.81473911 5307.18782591 5341.93001557
  5379.96161534 5413.52407719 5447.20864971 5470.334179   5475.48578878
  5473.15007608 5465.96996049 5452.78402959 5440.64003338 5428.7946496
  5423.22541508 5416.12601205 5417.90643043 5449.0920289  5494.36736198
  5531.95524988 5560.78337931]
 [5196.4333171  5241.12240235 5291.02390626 5332.05908428 5363.97147272
  5398.12219565 5434.91562096 5473.75317631 5497.45781299 5502.13198232
  5498.6567211  5492.30263589 5480.53035449 5469.37167829 5460.94368467
  5445.27777793 5424.17105698 5420.45710044 5453.39390301 5491.25028225
  5524.58372643 5562.59146807]
 [5188.08373414 5234.01172749 5295.35212217 5358.7453535  5389.25745458
  5427.8882472  5466.70356051 5496.85151322 5518.40232589 5529.59730333
  5529.85024174 5524.06027435 5515.42947518 5507.84081959 5496.86334562
  5480.59855715 5456.98162771 5445.88516186 5465.79058009 5513.71366911
  5556.21430262 5595.66198042]
 [5146.73836114 5222.16039471 5295.06907056 5366.76689878 5418.31723813
  5458.4058491  5494.45216573 5516.47358335 5537.80210206 5556.20915162
  5561.98771379 5560.75395922 5562.40801813 5561.16544368 5549.16070647
  5527.87866528 5508.40336731 5502.671042   5517.20149566 5561.99748255
  5606.23509816 5650.57483434]
 [5074.95905818 5163.08074741 5295.67036114 5371.32544442 5438.92628528
  5479.62545941 5513.61806728 5540.95048878 5559.98246037 5581.11891083
  5591.30161348 5599.56207104 5606.8257801  5610.63446812 5603.76228764
  5584.1708308  5566.61236952 5568.6518656  5585.68105908 5625.10862105
  5670.53372624 5714.95494485]
 [5075.63182444 5152.62345521 5272.62534097 5376.80414179 5452.72398804
  5503.06345044 5532.65321282 5556.5535359  5578.23660586 5598.98136915
  5615.55171618 5633.99547799 5646.96700035 5655.35870697 5649.31480018
  5640.61384235 5630.94228612 5636.8587958  5654.35731271 5692.40207254
  5736.65277168 5779.16228127]
 [5114.9570642  5206.11782306 5310.12589895 5390.30029962 5468.46014811
  5520.88939765 5544.82842183 5564.20111661 5593.18815744 5617.47914503
  5639.43625912 5660.77480821 5676.86109011 5689.95707096 5692.17394537
  5690.38721017 5689.87238178 5700.6997059  5715.55209684 5753.52379562
  5793.18499139 5826.66966715]
 [5183.79209346 5278.79577902 5363.37282119 5420.83570745 5487.69379703
  5527.97478875 5546.56572091 5579.43452991 5607.53195421 5636.61955037
  5660.57320717 5680.89027877 5699.77254259 5715.90628308 5730.00143855
  5735.88581753 5743.59692834 5754.22424103 5768.37245373 5796.15587279
  5836.43491852 5866.93555357]
 [5255.74085834 5347.81460374 5407.20178523 5461.89781391 5511.55337969
  5545.39037532 5571.78732378 5603.17628013 5628.08962569 5655.89078319
  5681.07750731 5705.12657846 5723.61389086 5740.64721631 5757.84549952
  5773.76501248 5785.73611227 5795.33307361 5805.22024277 5824.43388631
  5858.35128818 5888.14482655]
 [5313.1300421  5396.46941425 5452.80920907 5487.57930451 5529.43889183
  5564.4036284  5594.10203357 5623.39566896 5651.64256655 5676.56423888
  5701.51531803 5725.10923518 5743.76810497 5762.93169221 5782.61372521
  5798.93865765 5812.4521062  5820.63959905 5830.73811369 5843.45363686
  5864.54214683 5905.51834775]
 [5310.36465182 5393.73773415 5474.47866925 5492.31127431 5543.37404062
  5590.83717579 5619.89732121 5646.58216203 5671.46407105 5695.74611501
  5719.25370094 5740.29671963 5760.18896107 5777.27966332 5796.80748701
  5817.17319631 5834.24502696 5844.21223603 5852.81284836 5863.70772758
  5876.24428856           nan]
 [5291.66579074 5378.22455224 5455.49600275 5517.0645926  5569.26803538
  5616.33820633 5642.54487966 5666.52246033 5689.84703378 5712.30494729
  5733.87903497 5753.44328067 5772.84220132 5790.41253041 5808.42514075
  5827.90729044 5845.74656946 5860.21502695 5869.79301092 5876.48870547
  5886.20593983           nan]
 [5310.71589001 5393.25839996 5479.13701355 5543.61241969 5592.96496594
  5632.118268   5659.81588412 5684.35601182 5705.07722801 5724.89041418
  5746.23595213 5763.57800296 5782.71321398 5801.86473938 5819.50269047
  5834.41345061 5850.78062582 5867.25577814 5875.77163605 5885.65943246
  5894.12603346           nan]
 [5334.73109992 5422.96848711 5504.56760252 5561.15457874 5603.72818959
  5639.56940867 5667.66102751 5693.12498182 5714.51842815 5734.3314558
  5754.637643   5772.90913059 5791.77770235 5808.80191554 5825.44989244
  5839.45889709 5852.241947   5864.69090273 5875.33702221           nan
            nan           nan]
 [5359.27458065 5451.76768699 5521.31229822 5569.00134836 5608.77180922
  5643.12353413 5671.15425279 5697.9229173  5721.71520159 5741.23570447
  5761.99912281 5781.6342873  5800.98408789 5815.06530221 5828.4504359
  5842.6861118  5854.99193953 5865.53978885 5874.71475057 5874.4315439
            nan           nan]
 [5397.2920403  5483.11143056 5532.33611457 5574.38481409 5612.72104884
  5643.33118293 5670.61302021 5695.90189757 5723.41457089 5746.48937256
  5769.538633   5789.60581134 5810.23024082 5821.82381974 5834.13579543
  5847.22318476 5860.01563107 5869.56505621 5875.69531351 5879.22448439
  5881.01651972           nan]
 [5433.49203166 5497.91126845 5543.4729638  5582.28564431 5612.90345527
  5639.91961531 5668.32131179 5693.19237578 5722.14571148 5749.64171213
  5777.09472226 5798.97217769 5816.71989764 5830.20106051 5839.95834679
  5854.3745943  5868.35120747 5876.57515715 5882.81135907 5886.02365354
  5886.40303313 5889.86356611]
 [5463.75501785 5507.371032   5549.51845333 5584.50816094 5607.40045973
  5630.41203333 5659.09577945 5687.39965062 5717.74855661 5749.73822378
  5781.89733081 5807.34570962 5825.27234686 5837.87168906 5847.14198521
  5865.84315068 5877.6549618  5884.861048   5889.07752331 5891.67023427
  5892.03126895 5893.02271866]]