[[5280.21873654 5310.58393106 5334.94999255 5362.72469058 5391.02163979
  5421.22317376 5445.21568851 5462.82277551 5475.86809202 5488.43569701
  5498.59467868 5506.0366836  5519.32334289 5537.41876796 5557.04055773
  5577.54893994 5600.24491939 5622.69895471 5650.31178179 5669.95759278
  5682.44440656 5694.66852056]
 [5276.66308361 5303.82933063 5328.49497097 5356.05439908 5383.40830788
  5408.6945979  5429.90017943 5447.79385156 5463.7208226  5472.29966886
  5480.18881043 5486.96277251 5499.2956082  5516.28457555 5531.36847408
  5552.80468626 5579.73926636 5600.87087539 5622.98672866 5649.34838925
  5670.33617288 5681.93981494]
 [5263.68117081 5289.30141634 5313.5810541  5340.52999003 5367.71502366
  5394.53349727 5414.02770952 5431.94729522 5445.36424563 5455.3654102
  5462.22795304 5466.33582404 5477.63166961 5491.95843754 5505.80004643
  5528.23973168 5555.60434083 5580.68339639 5602.90470548 5628.28562025
  5650.91258138 5673.8570953 ]
 [5245.8358789  5268.98802445 5294.97911113 5321.97682711 5350.5613729
  5375.96482655 5398.15599226 5414.61236843 5424.37791927 5435.59811698
  5441.47470756 5443.95168053 5455.80039253 5468.0904855  5482.50354107
  5503.29703455 5527.65942169 5555.12318489 5580.78629155 5602.29102264
  5625.12963621 5652.03581403]
 [5229.06308812 5250.12199354 5273.22183504 5302.26868726 5332.65079527
  5356.88262739 5379.91347143 5398.65249042 5407.35294495 5417.06707049
  5422.37099371 5426.11815272 5435.25439614 5446.65473612 5458.95031969
  5479.10793269 5503.13499412 5532.51426752 5559.2421426  5582.32030207
  5602.26418781 5624.75233169]
 [5210.32325176 5233.15405602 5259.79547416 5289.01633611 5317.06663967
  5342.43105176 5367.83166344 5386.60105495 5395.46164323 5402.87060562
  5410.88421698 5414.69455151 5419.81418025 5430.10988849 5440.74623459
  5457.71361262 5482.97020836 5510.70864908 5537.47726131 5563.72070566
  5584.71274353 5605.21793735]
 [5188.38130562 5215.06906826 5245.78034533 5277.58135114 5307.36861352
  5340.0498662  5366.09796502 5383.48709267 5393.95570337 5400.24884784
  5406.04884157 5408.66470172 5412.93155077 5418.77023439 5426.07154302
  5438.80728122 5464.17807593 5490.83228979 5515.35158453 5540.51744569
  5563.59436235 5589.14869036]
 [5171.81760956 5202.37849301 5237.28702445 5271.9501645  5306.99043113
  5344.53053357 5370.42168385 5390.73870649 5404.9186161  5413.06704
  5415.57029254 5413.27395657 5413.4239377  5417.9576361  5422.34351591
  5431.16865849 5449.88965391 5475.60380663 5501.53318548 5524.758748
  5549.2603478  5575.57511613]
 [5167.57004858 5202.77948347 5240.38368613 5278.68426428 5317.59393794
  5352.77679342 5383.29098851 5404.89478173 5419.7440453  5429.39120016
  5429.94664494 5426.44654464 5424.29364326 5424.38293062 5425.93490942
  5430.72556386 5444.78286954 5464.62132363 5488.86809145 5514.08813381
  5537.22146093 5565.4275453 ]
 [5170.33218487 5207.0732204  5245.68411433 5288.29911912 5332.20710213
  5368.09936608 5400.40220968 5423.65840791 5437.82692903 5449.1063869
  5447.07701296 5443.17634367 5440.16497588 5436.28526066 5432.16029278
  5435.24308143 5445.13823359 5459.10236433 5478.340882   5504.72176781
  5532.98042873 5561.29470045]
 [5173.8125448  5215.80172432 5256.06819236 5303.235098   5348.32822922
  5387.90216126 5421.46462311 5444.91961593 5461.13651702 5469.28539114
  5468.97451108 5464.96248776 5460.50700921 5454.04048273 5447.45815492
  5446.64460648 5451.32632716 5463.92231476 5482.65405427 5509.99564383
  5537.11560278 5570.4867562 ]
 [5178.82452582 5223.1140487  5272.92126918 5323.47401181 5366.96515587
  5406.06274157 5443.00603964 5469.86641436 5486.15835357 5493.88737038
  5493.21221987 5490.97152541 5488.52561114 5483.01698735 5478.24470634
  5472.58537965 5470.63740342 5482.70186858 5502.1999321  5526.79314006
  5551.24882959 5583.52250854]
 [5170.13912547 5215.90909042 5277.2494851  5343.9540787  5384.18738362
  5427.28632509 5469.75830703 5496.29388542 5511.01820522 5520.36154241
  5522.70452012 5521.83474747 5520.34710825 5515.85414499 5511.12599603
  5508.61864163 5507.0105724  5512.47230509 5528.02436645 5553.10078994
  5580.97302095 5613.37226978]
 [5151.52343799 5204.05775764 5276.96643349 5351.86683083 5405.87420299
  5452.61263299 5494.22992518 5518.11115975 5533.54859885 5547.087917
  5553.85047299 5556.65667977 5556.27232846 5552.81247891 5549.8580338
  5550.37654298 5553.09946384 5557.68762494 5572.45535914 5596.52630432
  5626.61112461 5664.02896694]
 [5134.52139684 5204.5136256  5279.59863968 5358.88240929 5426.48325014
  5473.10446592 5512.3115235  5542.11092067 5558.92422653 5575.03698089
  5584.29379539 5590.7129269  5592.67741623 5593.69457084 5595.91792965
  5597.82352248 5601.94322282 5611.29967371 5625.08256716 5648.10175785
  5678.57467718 5713.73585749]
 [5135.19416311 5212.18579388 5290.36004175 5370.03227613 5443.27474417
  5495.3213306  5530.23650672 5561.99705258 5584.8545461  5600.1294313
  5613.47832568 5624.47615689 5631.28430763 5635.57936872 5639.55568371
  5644.8064888  5651.2717625  5661.73143625 5675.22148981 5696.37403985
  5724.93498531 5755.79648073]
 [5151.70590836 5225.91476524 5313.56142792 5389.57709947 5464.59567712
  5513.93642604 5549.02381689 5582.54869586 5607.86209166 5624.11070875
  5641.17568617 5655.89660156 5665.38124162 5673.36107751 5679.83396156
  5687.33345259 5694.64971044 5706.43302459 5719.93601772 5739.43999078
  5763.0952992  5788.36854339]
 [5182.43917885 5258.76407921 5342.84222953 5420.58207589 5488.98639472
  5533.08775602 5570.13616649 5605.38347022 5629.49180769 5646.99126922
  5664.35562784 5680.97696852 5694.3680474  5705.59719215 5716.52130869
  5726.39055765 5735.65653557 5746.36202908 5760.69792061 5777.74786004
  5795.78364866 5818.14202319]
 [5221.05954999 5296.40947578 5377.3975663  5453.62604419 5514.80333846
  5557.65298733 5593.09977309 5624.32864267 5648.35226029 5666.75212627
  5684.96557672 5704.98477032 5723.47004682 5737.5075266  5749.42591415
  5760.25332637 5770.16488874 5780.47156606 5792.80777689 5807.63573369
  5823.80075718 5842.23784552]
 [5257.30122249 5335.81533115 5413.57511249 5483.49340738 5540.01648026
  5581.29037728 5612.19477731 5639.74736124 5664.4919309  5684.42594869
  5703.81219127 5725.10278755 5744.47612346 5762.01398395 5775.61933918
  5786.46131622 5796.31677181 5804.47754099 5816.91125599 5831.62364142
  5847.20359199 5865.73465058]
 [5291.94181776 5368.17756737 5449.18398888 5505.70558341 5558.06542918
  5602.74853172 5630.78743359 5655.40525853 5678.50932577 5699.38809897
  5720.30524394 5740.43549882 5760.28928673 5777.29165729 5793.06780595
  5808.28679778 5819.86960294 5829.36730915 5839.9799712  5853.3116131
  5866.44093645 5881.64507129]
 [5318.54522741 5396.0906878  5472.03686462 5526.97549532 5575.12925271
  5619.03949124 5645.07590685 5669.07136604 5691.49852591 5712.89596969
  5733.52957348 5753.09414021 5771.54051352 5788.92071046 5806.07710849
  5821.84171758 5835.14358467 5846.78353105 5857.98170817 5867.76592919
  5877.8505338  5893.82829799]
 [5348.27318123 5417.40344633 5490.28521801 5544.49523973 5590.86753476
  5628.2226428  5654.84895042 5679.68627727 5702.42456865 5723.36921565
  5744.50848164 5762.78888039 5782.21585118 5800.70819134 5817.74157263
  5831.39845788 5844.31123496 5856.57916012 5866.67009532 5877.30402643
  5885.77062743 5895.58527625]
 [5370.90665771 5437.58916613 5506.10612519 5556.42435006 5598.60699022
  5633.32769246 5660.25493796 5686.06130012 5709.64555944 5730.64232482
  5751.50020242 5771.17710268 5791.81081348 5810.48303499 5827.3953981
  5840.60289264 5852.40886299 5862.53495895 5869.95690026 5875.64551701
  5880.55778441 5886.39130525]
 [5393.30923198 5454.31241703 5514.76474306 5562.6624138  5603.18902378
  5637.32572424 5664.6811597  5690.42113915 5715.37678404 5735.90574185
  5757.38470303 5778.98338074 5800.69177487 5819.23642646 5834.14832387
  5847.74462111 5859.35507679 5868.73390689 5875.31125421 5881.29367847
  5887.45375991 5885.57171525]
 [5413.58632779 5471.03586511 5520.53187937 5567.12941149 5607.71165912
  5639.85330572 5667.27285719 5691.70403029 5717.03950372 5739.85165643
  5763.63444881 5786.06792081 5809.00198848 5827.57054353 5843.46238213
  5855.52283322 5866.69943384 5875.56848268 5883.01449206 5889.74257094
  5894.16693959 5896.37411409]
 [5432.90219965 5477.74704982 5525.41326497 5572.21143087 5607.72549393
  5637.63677515 5667.22428814 5691.31233307 5717.3427192  5742.42231654
  5769.04311893 5792.72076898 5814.16857667 5835.89210451 5850.98268223
  5863.7395973  5875.08097934 5883.18053369 5890.0822185  5895.39905078
  5899.34887336 5903.11453205]
 [5442.09294772 5485.68251643 5529.79891716 5568.67674246 5601.35640207
  5632.87860387 5660.86591226 5685.31704987 5712.73533976 5742.39250131
  5772.6317018  5797.84275215 5819.91092062 5841.32296825 5859.01843567
  5871.72324015 5881.94187517 5889.78079658 5895.78747592 5900.42620076
  5904.07805379 5906.0523721 ]]